 -5.1061312e-002
 -1.3377949e-002
 -1.6523825e-002
  7.4658817e-002
 -7.1689815e-002
  4.0038791e-002
  1.8194254e-002
 -1.7912646e-003
 -8.2783650e-002
 -2.1848484e-001
  3.2608891e-001
  8.2737001e-002
 -2.3647522e-001
  1.2685714e-001
  1.0577615e-001
 -1.4803475e-001
 -3.8000441e-002
 -2.8503333e-001
 -4.4023280e-003
 -3.7020551e-002
 -2.2207832e-001
 -8.9503105e-002
 -8.3524526e-002
 -3.8241332e-002
 -2.6294438e-003
 -1.1501835e-001
 -7.2127865e-002
  3.1284139e-002
 -6.6073895e-002
 -6.1727081e-002
 -8.5786929e-002
  1.2635516e-002
 -8.3716534e-002
 -7.4199357e-002
  7.7847920e-002
 -2.7640284e-001
 -1.3276753e-001
  1.0808576e-001
  1.5707332e-001
 -2.8404993e-001
 -1.7973842e-001
 -1.7325214e-001
  1.7007355e-001
 -3.4960903e-002
 -1.2665088e-001
 -8.8435655e-002
  2.3682485e-001
 -6.1545056e-001
 -1.1871501e-001
 -3.5000622e-001
 -3.0449822e-001
 -1.0647960e-001
  2.8489950e-001
 -1.2304415e-001
  7.0531386e-002
 -3.2347087e-002
 -9.2277880e-003
 -8.8687670e-002
  7.8287869e-002
  8.6854036e-003
  1.1083520e-001
 -1.3221630e-001
  1.4364794e-001
 -7.9277517e-002
 -2.6012950e-001
  3.9186522e-002
  7.6543804e-002
 -2.0899496e-001
 -7.0071899e-002
 -2.1341659e-002
  1.8763482e-001
 -1.9961488e-001
 -5.0757606e-002
 -1.9633943e-001
 -1.1224599e-001
 -2.6502215e-001
 -2.9165787e-001
  3.5246263e-002
  2.2919788e-001
 -1.6420637e-001
  2.6212620e-001
 -5.2933584e-001
 -1.0334061e+000
  1.9229266e-001
  2.6392216e-001
  1.3844789e-001
 -8.6916802e-001
  3.1618802e-001
  8.9262693e-002
 -8.0295845e-002
  1.2917074e-001
 -1.2817398e-001
 -3.0831595e-002
 -1.7116826e-001
  3.4138529e-002
 -1.0730252e-001
 -3.4095007e-002
  5.7194007e-003
  3.3468213e-002
 -3.0598704e-002
 -6.4922318e-002
 -7.8800847e-002
  1.2171205e-001
 -1.5725068e-002
  5.1604180e-002
 -1.2936350e-001
 -2.5510633e-001
 -1.3230070e-001
  1.2671444e-001
 -1.9974236e-001
  1.8162802e-001
  5.5415069e-002
 -1.3707303e-001
 -1.1567163e-001
 -1.8187879e-001
 -1.3986798e-001
  2.0318771e-001
 -1.2144894e-001
  3.3555788e-001
  1.7904399e-001
  3.1041970e-002
 -7.3059266e-002
 -4.9634397e-002
 -9.6091998e-002
  6.5219204e-002
 -4.1590442e-002
  6.9683400e-002
 -4.4479430e-003
 -3.6492689e-003
 -1.5372456e-002
 -8.3116101e-002
 -4.0683611e-002
  9.5844888e-002
 -3.7507502e-002
  4.9043030e-003
 -2.3803323e-002
  7.9494224e-002
 -8.6618865e-002
 -1.1372205e-001
  1.5616066e-001
  8.8290974e-002
  5.5993379e-002
 -1.9423716e-001
 -3.9456137e-002
  1.5771116e-001
 -1.5022050e-001
  2.6098275e-001
 -3.2712754e-002
 -1.5180713e-001
  2.4116559e-001
 -2.2700948e-001
 -1.0569493e-001
  5.3961545e-002
 -1.1212687e-001
  1.2278178e-001
  2.3831492e-003
 -5.9597952e-002
 -3.7565558e-002
 -6.1580626e-002
 -5.2080191e-002
 -3.3207185e-001
  5.8709524e-002
 -2.6822618e-001
  3.7645633e-002
  6.0767182e-002
 -8.6814578e-002
 -1.3542961e-001
  3.4034286e-001
  2.9062174e-001
  5.8875666e-003
 -3.9335184e-002
  7.8826678e-002
  1.9698045e-001
 -1.5638690e-001
 -3.3101703e-001
 -1.5711699e-001
  3.2968453e-001
 -1.4260775e-001
 -1.5517436e-002
 -3.3503048e-001
  3.4273435e-002
 -3.8128505e-002
 -4.1928137e-001
 -1.3012143e-001
  3.5265213e-001
 -1.1220884e-001
  4.2082167e-001
 -1.0632331e-002
 -1.2503589e-001
  3.2867621e-004
 -4.3910128e-001
 -2.0394422e-001
 -3.5452967e-001
 -1.9201321e-002
 -3.8265986e-001
  1.6810582e-001
 -2.7113288e-002
 -2.4662650e-001
  6.5459193e-002
  2.6734688e-001
 -8.0853613e-002
  2.5207546e-001
  4.4867332e-002
  6.3807575e-001
 -8.9222679e-002
  3.4478411e-001
  1.6226449e-001
  1.0036637e-001
 -2.7260366e-002
  7.5546799e-002
  3.1482072e-001
  8.8091737e-002
  1.4865483e-002
  1.1905107e+000
  4.2968881e-001
  1.1628691e-001
  4.3194959e-001
  2.4338271e-001
  1.1832868e-001
 -2.2070496e-001
  2.3150335e-001
  3.6399624e-002
  1.5824255e-001
 -1.2038824e-001
 -7.4680032e-002
 -9.7586968e-003
 -2.8171820e-003
 -9.1023098e-002
 -7.7188317e-003
 -1.1055122e-001
  6.3474566e-002
  1.0473895e-002
 -1.6966771e-001
  1.7792090e-001
  1.1008467e-001
  3.1256807e-001
 -4.5298172e-002
 -1.9598463e-002
  1.8927075e-001
  1.6084453e-001
  1.4169222e-001
  5.0255498e-001
  2.1119712e-001
  1.7738471e-001
  1.4379773e-002
  4.4012910e-001
  1.3572294e-001
 -4.6811806e-002
  9.6411747e-002
  3.1550502e-003
  2.0281465e-002
 -1.2427547e-001
  9.8782997e-002
 -1.7402852e-002
 -2.2100595e-002
 -7.1941273e-002
 -3.2456420e-002
  2.1931637e-002
 -6.6455259e-002
  1.1764099e-002
  2.3602082e-002
 -3.1448355e-002
  5.1961221e-002
  4.9347251e-002
 -4.6220366e-002
 -2.8420060e-002
  9.8113298e-002
 -5.2255615e-002
 -4.3238309e-002
 -1.2344720e-001
  8.7134455e-002
 -5.1314446e-002
  3.8459433e-002
 -1.9705667e-002
  5.2846823e-002
  5.8329945e-002
 -1.5118859e-001
  1.4386281e-001
  3.7896629e-002
  6.8563636e-002
 -9.0710915e-004
  3.5246265e-002
  2.4737465e-002
  4.6645841e-002
 -1.9151561e-002
 -6.0836525e-003
 -7.5424424e-003
  4.2407357e-002
  1.2123563e-001
  4.2031626e-002
 -1.2562476e-001
  7.4295030e-002
  3.2577071e-002
  5.1975680e-002
 -2.0089437e-001
  4.0730354e-002
  1.3401454e-002
 -1.4093676e-001
 -2.1411094e-001
 -7.1819449e-002
  8.7506771e-002
 -1.4133725e-001
 -1.2487698e-002
  1.6161959e-001
  2.3330269e-001
 -4.9420762e-002
 -2.1178356e-001
 -2.1720971e-001
  1.1804224e-001
  6.7237926e-002
 -4.6786281e-001
  9.8572680e-002
  4.3952850e-002
  1.8992316e-001
 -2.1668104e-002
  8.2342941e-002
  2.4721666e-002
  1.9549544e-001
 -5.0637485e-002
  9.5540015e-002
 -8.3683276e-002
  1.1333611e-001
 -1.7190246e-002
  3.6756593e-004
 -9.8438066e-002
 -5.7141681e-002
  3.8474881e-002
 -1.0786939e-001
 -6.1441113e-002
 -9.4852383e-002
  9.9444978e-002
  1.1648719e-001
 -9.3245499e-002
  4.2623837e-001
  5.8299823e-002
  5.7866017e-002
 -2.2073804e-001
 -1.1464682e-001
 -3.4918258e-002
  5.7899288e-002
 -1.3920759e-001
  1.2058668e-001
  2.1068129e-001
  1.5268633e-001
  1.2974487e-002
 -7.5523203e-003
 -2.7291687e-002
  2.0871091e-001
 -1.0729048e-001
  1.9950327e-001
 -1.1417572e-001
 -1.8500707e-002
  3.5581699e-002
  6.7421225e-002
  1.0943964e-002
  2.8907415e-002
  2.9114827e-002
  7.5681963e-002
  3.8955638e-002
  5.9322875e-002
  3.4078346e-002
  5.1340247e-002
 -5.4713090e-002
 -1.0824459e-001
  1.0627452e-001
  2.8353263e-001
  1.7461300e-001
  1.4412050e-001
 -9.3889634e-002
  3.3249781e-002
  4.0384088e-002
 -4.7545250e-002
  5.5430323e-002
  1.9418665e-001
  2.2459944e-001
  6.1974688e-002
 -5.0656441e-002
  8.3436291e-002
  2.8279892e-002
 -2.4626498e-002
  8.5196518e-002
  9.2773192e-002
  9.8482667e-002
  6.7656152e-003
 -6.7793512e-002
 -3.8838929e-002
 -1.2687639e-002
  6.6643926e-003
 -7.6010102e-002
 -5.7450073e-003
 -4.0903963e-002
  2.7345739e-002
  7.6368499e-002
 -1.3008982e-001
  8.3789266e-003
  1.3636632e-001
 -1.3846810e-001
 -3.6420546e-002
 -2.2666617e-001
 -2.5955982e-002
 -1.8029736e-001
 -1.1516060e-001
 -1.2321477e-001
 -4.0137739e-002
 -1.4916830e-002
 -7.2476610e-003
 -8.2197886e-002
  1.8342316e-001
 -4.5020513e-004
 -2.7673583e-002
  1.4412810e-002
 -2.0994584e-002
 -4.4064634e-002
  8.1609785e-002
 -7.6250005e-003
  3.6528110e-002
  1.1338124e-001
 -1.2418932e-001
  1.2236063e-002
 -1.4798538e-001
  5.0102108e-002
  6.1292620e-002
 -2.9839268e-004
  1.1865825e-001
 -2.1581785e-001
 -7.3384986e-001
 -9.3654837e-002
  2.3888127e-001
 -1.3747489e-001
 -4.3488675e-001
  2.3170501e-001
  2.5271009e-001
  1.4899089e-001
 -1.9120425e-001
  3.5447215e-001
  9.2015765e-002
  9.1932450e-002
  6.8195110e-001
  4.4104128e-002
  2.0161218e-001
 -3.4414932e-001
 -1.5793491e-002
 -1.2497438e-001
  1.1863720e-002
  2.7807073e-002
  1.8745666e-001
  1.1341726e-001
  2.4012075e-001
 -9.0884374e-002
 -5.0000633e-002
  4.7533279e-002
 -9.4115729e-002
 -6.7970996e-002
 -2.2212779e-002
  7.3208160e-002
  5.6061692e-002
 -9.0186449e-002
  8.8666942e-002
 -6.0949258e-002
 -6.4829601e-001
  1.5369891e-001
  3.7830317e-001
  2.8092094e-002
  1.8913616e-001
  2.6369713e-001
 -2.4515896e-001
  2.6428079e-001
 -3.5820235e-001
  2.0678813e-001
  1.0317380e+000
  3.0863579e-001
  4.0054033e-001
 -2.3600931e-001
  2.2389230e-002
 -1.7013836e-002
 -2.0725629e-002
  1.1541202e-001
  1.0415059e-001
  4.0406951e-002
  3.7385095e-002
 -1.5228497e-002
 -3.9308098e-002
 -5.6399105e-002
 -2.4346960e-002
 -1.9704142e-002
 -2.1046794e-002
  4.9519201e-003
  6.5665897e-003
  1.5997618e-001
 -6.5216148e-002
  8.0857834e-002
 -6.3116369e-002
  1.2493273e-001
  1.3763756e-001
  5.0286120e-002
  2.0597927e-002
 -2.9052820e-002
 -1.6182515e-001
  2.1218805e-002
 -8.7457772e-002
  1.7703119e-001
 -6.6931196e-002
 -6.9515473e-002
  7.6331593e-002
 -1.2995868e-001
 -2.9421366e-002
 -7.3336532e-002
 -5.8185897e-002
  2.3083243e-002
 -1.6438700e-002
 -5.1053055e-003
  3.1562590e-003
  1.3628022e-002
  8.4275474e-002
  1.4231847e-002
  1.5246140e-002
  6.5327739e-002
  3.9034270e-002
  3.1867644e-003
  4.4962050e-002
 -1.6142094e-001
 -2.9962516e-001
  1.5957589e-001
  2.3492885e-001
 -1.6314862e-001
 -1.5220961e-001
 -1.8460949e-001
  4.6574419e-002
  8.3090854e-002
 -1.6724678e-001
  2.7207873e-002
 -8.4368289e-002
 -4.7492285e-002
 -3.3475455e-002
 -2.7753553e-002
 -1.4391996e-002
  5.1766887e-002
 -6.4886877e-002
 -9.3878396e-002
 -5.3998353e-003
  3.5663189e-002
 -6.6809104e-003
 -4.8096116e-002
 -2.1626702e-003
  1.8370313e-001
 -6.3159304e-002
 -2.8293750e-001
  2.0280815e-001
  3.2042455e-001
  1.0850136e-001
 -2.2371953e-001
  2.5354474e-001
  3.2342769e-001
  3.3234470e-001
  1.1839598e-002
 -3.8394256e-001
  6.7367257e-001
  4.1378366e-001
 -2.5283723e-001
 -3.9346296e-001
  3.5281320e-001
 -2.4303221e-001
 -4.3198554e-001
 -1.6435899e-001
  3.1368430e-001
 -2.2379666e-001
 -1.1020462e-001
 -8.7530962e-002
  5.2046397e-002
 -7.1256217e-003
 -9.1750716e-002
 -8.1382513e-002
 -3.7922526e-002
 -1.3012471e-001
  2.3429441e-001
  1.2679126e-002
  6.0405510e-002
 -6.1379795e-002
  1.7132055e-001
 -2.1454214e-001
  5.5261978e-002
  1.9134040e-001
  4.0457052e-002
 -7.1074786e-002
 -5.1703036e-001
 -3.0768263e-002
 -3.9621911e-003
 -2.5356735e-001
  5.2308476e-001
  1.7075717e-001
  3.4994633e-002
 -1.0167797e-001
  1.2527582e-001
 -9.9687756e-002
 -1.8264420e-001
 -2.3701354e-001
  5.0713870e-001
 -1.0677735e+000
  1.0388342e+000
 -4.2217358e-001
 -1.1757751e-001
  5.0436388e-002
 -1.3306899e-001
 -2.5979255e-001
  2.5406660e-001
 -2.6725835e-001
  4.8714817e-001
 -4.5196856e-002
 -1.4687729e-003
  8.0949838e-002
  1.9749441e-001
 -4.1296266e-002
  1.0292091e-002
  9.0880828e-002
  1.6816960e-001
 -1.6737977e-002
  4.7366557e-002
  6.2770055e-002
  1.7149526e-001
  1.8249095e-001
  3.9927097e-001
  1.7395419e-001
  1.2651168e-001
 -1.2482207e-001
  3.3181091e-002
 -7.4364172e-002
 -7.4375056e-002
 -2.5617078e-001
  2.4666933e-001
 -3.0406799e-001
  3.5897999e-001
 -6.3580173e-002
 -3.6777461e-002
  9.4756950e-005
  2.6164384e-002
 -1.2035735e-001
  4.2626382e-002
 -7.6103335e-002
  2.1887394e-001
 -3.0941020e-002
 -3.1793236e-002
 -7.1399623e-002
 -3.5477956e-002
 -2.5052776e-002
 -4.8902709e-002
 -7.2050311e-002
 -1.0278917e-002
 -3.7392218e-002
 -1.8492288e-002
  2.0504922e-002
  1.8304585e-001
 -1.4642547e-001
 -1.7752388e-001
 -1.5088519e-001
  3.1606468e-002
 -1.0322461e-001
 -6.9029332e-003
 -8.0168000e-002
  1.2587934e-001
 -1.4375331e-001
 -1.8814470e-002
 -9.4496721e-002
  8.2488495e-002
 -8.8144976e-002
  5.2681338e-003
  7.2668813e-002
  5.5045194e-002
  6.0032186e-003
 -2.2989748e-002
  4.2798808e-002
  6.0497530e-002
  2.4521190e-002
 -1.5734285e-002
 -1.1575413e-001
  2.1883314e-002
 -7.5242747e-002
 -4.7610613e-002
 -9.1112963e-002
 -6.6659763e-002
 -4.2379349e-002
  2.0514414e-001
  1.4075751e-001
  2.2971810e-001
 -8.8906446e-002
 -1.4592100e-001
 -1.7999915e-001
  2.1109539e-001
 -2.2606049e-001
  1.2838889e-001
 -6.0507350e-002
  7.9973658e-002
 -1.5883084e-001
 -1.1986923e-001
 -1.7707418e-001
  6.9319389e-002
 -1.2473240e-001
  2.9856578e-002
  1.6145285e-001
  1.5617715e-001
  5.9359059e-002
 -2.3766584e-002
  9.0025130e-002
  1.9322689e-001
  7.6976535e-002
  5.1364938e-002
 -1.1685704e-001
  5.8557348e-002
 -1.3612588e-001
  5.2686624e-002
 -1.1156768e-001
  9.1250587e-003
 -1.4885217e-001
  2.6872013e-001
  2.7746040e-001
 -3.5942405e-001
 -5.6143638e-002
  2.0629397e-001
 -3.2585721e-001
  8.4998795e-002
 -1.9422722e-001
  2.6573023e-001
  3.2780554e-001
 -8.4278964e-003
 -2.7001699e-001
  2.1704469e-001
 -4.0702059e-001
  6.4886417e-002
 -1.9267207e-001
  1.2544174e-001
  9.2604253e-002
  1.6587286e-001
  5.4242762e-002
 -4.6369877e-002
  8.2143652e-002
  1.4221953e-001
 -1.5208636e-001
  5.7830469e-002
 -6.3530295e-002
 -2.2205252e-002
 -2.6040129e-002
  1.8677099e-002
  1.4710673e-002
 -8.3811287e-002
 -1.5980778e-002
  2.3021007e-001
  2.3161295e-001
 -6.7427642e-002
 -2.3558233e-001
  3.1298770e-001
  1.4725571e-001
 -1.2868205e-001
 -4.1701377e-002
  1.3895765e-001
  1.5109898e-001
 -1.0542967e-001
 -1.0161553e-001
  2.2027573e-001
 -1.9813684e-001
 -9.2260775e-002
 -9.4387369e-002
  4.1220051e-002
  3.8650091e-002
  7.5999385e-002
  3.3344854e-002
  1.8298693e-002
 -3.1694738e-003
  6.1737784e-002
 -2.4522237e-002
  3.1991664e-002
  3.7885770e-002
  7.0959914e-002
  8.3909643e-002
 -1.5396686e-002
  4.8382356e-002
 -3.1804791e-002
 -2.5534312e-002
  1.2232696e-002
  1.9470565e-001
 -5.1052345e-002
  2.1519612e-001
 -4.2520750e-002
  6.2043633e-002
 -1.4064599e-001
  1.7976697e-001
  2.4022141e-002
 -1.4736155e-001
  5.2113619e-002
 -7.3066148e-002
 -7.1079441e-002
  5.0012376e-002
 -1.1481208e-001
  1.6151832e-002
  3.9153705e-002
  1.2132217e-003
  5.0699513e-002
 -2.9938893e-002
 -2.3921089e-002
  8.3042224e-002
 -1.8865587e-002
 -1.7564842e-002
  8.2292523e-002
  4.0289990e-002
  9.5572527e-002
  9.2543826e-002
  1.0861062e-002
  8.9145399e-002
  1.7712207e-002
  5.9387728e-002
  2.4809244e-001
  3.6425193e-001
 -2.2756265e-001
  3.7646871e-001
  3.8580218e-001
  9.9818195e-002
 -4.2104425e-001
  1.3483285e-001
  1.3893448e-002
 -2.7211267e-001
 -1.7094443e-001
 -3.6356670e-002
  1.1652978e-002
 -1.6585588e-001
 -1.6105203e-001
 -6.1749852e-002
  1.1114812e-001
  5.5950094e-002
  7.5028992e-002
 -1.2826849e-001
  2.3416693e-001
  1.7629245e-001
  1.4796308e-002
 -3.5784890e-002
 -1.5865602e-001
  1.7284783e-001
 -1.2379580e-001
 -5.0997571e-002
  8.6135516e-002
 -6.5688524e-002
  1.8980828e-001
  2.1914296e-001
 -3.1189258e-001
 -3.6230646e-001
  2.7417166e-002
  3.8256304e-001
 -3.8145635e-001
  1.9279384e-001
 -4.8187453e-002
  1.7832221e-001
  2.1040504e-001
  7.4167787e-002
  3.4990528e-001
 -4.8780191e-001
  3.9894335e-001
  2.5209251e-001
 -8.8404643e-002
 -7.2030413e-002
  8.8657117e-002
 -1.0105076e-001
 -7.7916840e-002
 -1.0006951e-001
  2.2048170e-001
  2.4084707e-002
 -7.4966049e-002
 -4.1360653e-002
 -4.7435704e-002
 -1.9891121e-002
 -1.2026026e-001
  1.8774770e-002
 -7.7039957e-003
 -9.1061683e-002
 -3.0171769e-002
 -4.6688345e-002
 -8.3551788e-002
 -1.6412450e-001
 -7.5095962e-002
  2.0737698e-002
 -2.2971391e-002
 -1.3185129e-001
 -7.5470234e-002
 -7.5373324e-003
  2.4686560e-001
 -8.7362416e-002
  2.1036020e-001
 -2.5442938e-001
  1.1166078e-001
  2.0841230e-001
 -6.5586189e-002
 -1.5390889e-001
 -4.0839610e-002
 -8.3157579e-002
 -2.4432467e-002
 -5.7288516e-002
  3.1667129e-003
 -4.8339979e-002
 -9.0574843e-002
 -2.1069770e-002
 -1.3954791e-001
  1.8102964e-001
  5.8929644e-002
  1.0873826e-001
  2.8300357e-002
  1.1000703e-001
 -2.0118319e-002
  1.3226959e-001
  1.5124781e-001
  1.8020826e-001
  1.0695497e-001
  1.4634479e-001
 -7.6180931e-002
  3.0408781e-001
 -2.5248104e-002
 -4.1442792e-002
 -1.0963243e-001
 -1.0541153e-001
 -2.6369497e-001
  8.6317902e-003
 -2.1163985e-002
 -3.3356466e-001
 -4.0841785e-001
 -1.5373338e-002
  7.4752271e-002
 -5.4198521e-002
  9.9959953e-002
 -1.4679322e-002
 -3.5062775e-002
 -4.1808222e-002
 -1.5194293e-001
 -6.7437956e-002
 -1.8787628e-001
  2.5209193e-001
 -6.7774129e-002
  1.9210981e-001
 -1.0889668e-001
  1.4553807e-002
 -2.0453541e-001
  1.5901142e-001
  4.3702414e-002
 -2.7032908e-001
 -6.0593198e-002
  2.0918702e-001
 -5.0851362e-001
  2.3827795e-001
 -2.3394661e-001
 -2.2913426e-001
 -2.9025338e-001
 -1.5815075e-001
 -5.3505309e-001
 -8.4603803e-002
 -3.7781522e-001
 -1.4092759e+000
 -1.1084558e+000
 -2.6727582e-001
  3.9801429e-002
 -1.4214193e-001
  1.1524035e-001
 -3.7777071e-002
 -9.6836146e-002
 -1.4167451e-001
 -1.7913258e-001
 -6.4718897e-002
 -1.0574778e-001
  1.7100959e-001
  9.2105953e-002
  9.0564851e-002
 -3.1704526e-001
  2.8209838e-001
  9.9459299e-002
  9.9554351e-002
  8.9325410e-002
 -1.2742669e-001
  6.7064436e-002
 -1.6040447e-001
 -6.2514242e-001
  3.8793502e-001
 -4.8919666e-002
 -2.9650251e-001
 -3.7129382e-002
 -2.5045152e-001
 -4.9381575e-001
  3.1684365e-001
 -2.3754178e-001
  2.0374854e-001
 -1.3093682e+000
  2.4186590e-001
 -4.5633594e-002
 -1.6051379e-001
  8.6031869e-002
 -2.3135514e-002
 -2.2925696e-002
 -7.1878285e-002
 -5.2109173e-001
  2.8796315e-002
 -4.1456447e-002
  1.2414526e-001
 -5.1313675e-002
 -6.3723386e-003
  2.8039635e-002
 -1.0473617e-002
  1.1431533e-001
  2.7093064e-002
 -1.0678745e-001
  8.9332060e-002
  1.1843328e-001
  9.4637446e-003
  1.9370854e-002
  1.3211410e-001
  1.6554988e-001
 -1.2182948e-001
  4.3207038e-002
 -8.3033998e-002
  2.1935444e-002
  1.4995081e-001
 -1.0374351e-001
  9.5059965e-002
 -3.2582770e-001
  1.3712568e-001
 -2.6228052e-002
 -5.3118148e-002
  9.9264938e-002
 -2.3917812e-002
  2.6633901e-003
 -9.0531737e-003
 -9.4086136e-003
  5.6708962e-003
  3.4642450e-002
  1.7221983e-002
  8.1457584e-002
  2.1129070e-002
 -6.2932474e-002
 -2.5455409e-002
  4.5077974e-002
 -3.5019955e-002
  1.2392109e-001
  4.6207277e-002
  2.1696544e-001
 -1.3910342e-001
 -3.9930215e-002
  6.7074676e-002
  9.0614275e-002
 -3.0591716e-002
 -8.1080019e-002
 -1.7212159e-001
  9.6163403e-002
  8.7261618e-002
 -3.6583802e-001
 -7.4668059e-003
  8.0019300e-004
  1.1160299e-002
 -5.8896317e-002
  3.0100177e-002
  5.7861230e-002
  7.6175092e-002
 -1.0829965e-001
  3.6154935e-002
 -1.2771097e-002
  3.7242468e-003
  4.9834717e-002
  1.8743998e-001
  1.0666994e-001
  7.5444223e-002
  1.2040098e-001
 -7.7739282e-003
  2.5391856e-001
 -1.2343056e-001
 -2.1473151e-001
 -4.2511745e-001
  2.1868139e-001
 -9.1050030e-002
 -3.3861512e-001
 -1.2967950e-001
  5.2130515e-002
  5.0889649e-002
 -4.2502587e-002
 -3.3401426e-002
  9.4012673e-002
  4.4562039e-001
 -3.7452145e-001
  7.8824195e-002
 -7.7678799e-002
  7.7742065e-002
  5.9262584e-003
  1.9077554e-001
  6.1611813e-002
  3.6497558e-001
 -1.6429315e-001
 -2.2625960e-003
 -4.7136891e-002
 -2.9050453e-002
  1.0060677e-001
 -1.4343565e-001
 -3.7003867e-002
  4.1925376e-002
 -6.6586196e-003
 -1.5782427e-001
 -2.5508073e-002
 -2.6400413e-001
 -2.5780200e-001
 -3.9663281e-001
 -3.1738334e-001
  2.0126818e-001
 -2.3936013e-001
 -3.1612632e-001
 -3.1906308e-001
  7.1932933e-003
  2.3634498e-001
  2.2957567e-001
 -9.6159666e-002
  1.8155353e-002
  1.5867874e-001
  4.9513472e-001
 -3.3256160e-001
  1.3030473e-001
  1.6611697e-002
  6.5532187e-002
  1.3326168e-001
  3.7659847e-001
 -4.3878216e-002
 -7.0244536e-002
 -1.2756362e-001
  9.5240030e-002
  6.8521225e-003
 -2.9070260e-002
  9.0568463e-002
 -4.2893091e-002
 -4.3905016e-002
 -3.4692300e-002
  4.7353747e-002
 -6.4266114e-002
 -1.2891174e-001
  5.1309936e-003
  9.3519968e-003
 -7.8706743e-002
  1.5246304e-002
 -7.8539218e-002
  7.9554250e-002
  2.1243485e-002
  9.0973339e-003
  4.0175694e-002
  9.5425958e-003
  4.8597781e-002
 -2.2305250e-002
  2.1743828e-002
 -6.6242638e-002
  3.1741312e-002
 -1.3289505e-002
  4.9900916e-002
  3.8426085e-002
  6.1922295e-002
 -1.4467109e-002
 -3.1916813e-002
  2.2061518e-002
 -3.0057739e-002
  1.8684186e-002
 -3.3505016e-002
 -5.3632079e-003
  8.8378757e-002
 -3.1969221e-002
  6.8922214e-002
 -1.4499674e-001
  6.0360763e-002
  1.9337518e-001
 -1.4848971e-001
  5.7292475e-002
  1.3416239e-001
 -4.7742499e-002
  1.7149197e-001
 -3.9431292e-001
  6.0731410e-002
 -2.4723332e-001
 -4.4392490e-001
  1.5516141e-001
  1.2647361e-001
 -2.3469937e-001
  9.6599227e-002
 -1.7476377e-001
  8.7359297e-002
  2.6195388e-002
 -8.9977738e-002
  1.7798598e-002
 -9.4229719e-003
 -2.9165121e-002
  3.5988132e-003
 -1.6600784e-001
  8.8991390e-003
  1.7216098e-001
  8.6728121e-002
 -1.5431100e-001
 -2.0890407e-001
  2.5257116e-001
  3.2401556e-001
 -1.3965633e-001
  3.0463174e-001
  1.2013466e-001
 -1.4297018e-001
 -3.4282007e-003
 -1.9797127e-001
 -2.6404702e-001
  6.8639252e-001
 -7.5841413e-001
  2.0677910e-001
 -5.6934853e-001
  1.8239955e-001
  3.1128579e-002
 -6.9613574e-002
 -2.3983049e-001
  1.8404634e-001
 -5.1055742e-001
  1.0497578e-001
 -3.5006551e-003
 -3.0983103e-001
 -1.0347753e-001
 -1.7197933e-001
 -3.0937617e-002
 -1.2472683e-002
 -2.0468165e-001
  6.6698902e-002
 -5.0924998e-002
 -1.7183751e-001
 -1.5968388e-001
 -5.9387968e-002
  1.6680485e-002
  1.1668772e-001
 -2.3908107e-001
  3.9581055e-001
 -4.4913987e-002
  8.6798270e-002
  1.7556441e-001
  9.6091908e-003
 -2.1121262e-001
  2.8273764e-001
 -2.6932584e-001
 -1.0157580e-001
 -7.0312847e-001
 -3.3648339e-001
 -1.3252740e-001
 -3.4471363e-001
 -3.8346213e-001
  2.2972534e-001
  1.3061331e-001
  1.6933446e-001
  1.0912040e-001
 -2.5086548e-001
 -1.3558769e-001
 -1.2208177e-001
 -2.8469491e-002
  1.2506644e-001
 -2.8165909e-001
  5.4897753e-002
 -2.2406777e-002
  5.5410758e-002
 -1.4208989e-002
 -3.2737913e-002
  1.0942189e-001
  2.1491711e-002
  5.6408599e-002
  1.3650155e-001
  9.3126126e-005
  5.0069091e-001
  1.5858216e-001
 -1.6663537e-001
  4.8191380e-001
  3.4615158e-001
  5.4012802e-001
  1.7390052e-001
 -9.4801072e-002
  3.8961071e-001
 -1.8711191e-001
 -3.1732059e-001
  4.0721003e-001
  2.0330785e-001
  4.2423146e-001
  2.1787558e-001
  3.4274747e-002
 -3.4420329e-002
 -5.3587035e-002
 -4.8225154e-002
  1.6400275e-001
  5.3267096e-002
 -2.1279245e-002
  9.7757675e-002
 -2.5641555e-002
 -3.0010920e-002
 -3.9422227e-002
 -4.6175937e-003
 -3.4482630e-002
 -5.0469998e-002
  6.1164001e-003
  2.1803468e-003
  1.4536737e-001
  4.0543856e-002
 -1.6650591e-001
 -6.9112555e-002
  1.0611620e-001
 -6.7570751e-002
 -7.9548876e-002
  3.0361797e-002
  1.2925795e-001
  1.2661860e-001
  4.8709241e-002
 -1.5270486e-001
  1.9358780e-001
  8.4028358e-002
 -4.8227968e-002
 -9.9761266e-002
  1.0716100e-002
  4.8851129e-003
  4.3623521e-002
 -1.8818889e-002
  5.1532761e-002
 -3.7027000e-003
  5.8145331e-003
 -3.4487463e-002
 -4.2402079e-002
  1.1353886e-002
 -5.1834305e-002
  3.1127974e-002
  3.5361676e-002
 -4.5885345e-002
  3.4697920e-002
 -1.1496886e-001
  5.5383327e-002
 -2.3428898e-002
  1.4434484e-001
  1.1689252e-002
  1.1198132e-001
  1.9302088e-002
  2.2666123e-001
 -8.7613638e-002
  5.2694772e-002
  1.4401726e-002
  8.5883175e-002
  8.1606565e-002
  1.4809725e-001
  7.5147528e-002
  3.6383421e-002
 -1.0559601e-001
  2.0392414e-001
 -9.9217669e-002
  1.2094279e-001
 -4.5797367e-002
  7.0754718e-002
  1.3026425e-001
 -7.7630682e-002
 -1.4921471e-001
 -1.0932420e-001
 -6.3303240e-003
 -6.9521235e-002
 -1.1583177e-001
  1.9981711e-002
 -1.4554863e-001
  6.6454469e-002
 -1.8292075e-002
  3.9810267e-001
 -2.7329560e-002
  4.7832255e-002
 -1.3063596e-001
  1.6556540e-001
  1.2212583e-001
 -1.1797655e-001
 -2.1810042e-001
  8.6733111e-002
  2.7185270e-001
  3.4775816e-002
  1.9402257e-001
  2.1501981e-001
  1.7294926e-001
  4.6492389e-002
  8.5920382e-002
  1.2167964e-001
  4.9694810e-003
  1.3843902e-001
  1.4246611e-001
  1.3632442e-001
  2.9812218e-001
  1.5545799e-002
 -2.5067870e-002
 -7.1444744e-002
  9.8073564e-002
  4.5521447e-003
 -1.9837969e-002
  3.8979423e-002
  1.4959906e-002
  6.5562072e-002
  9.5539276e-003
  1.7288401e-001
  7.4545318e-002
  1.9781358e-001
 -6.1480124e-002
  2.1267995e-001
  3.0623521e-001
  1.4882252e-001
  3.0878513e-002
  5.1667532e-002
  1.6045009e-001
  3.8209674e-002
  7.0029758e-002
  1.3581925e-001
  2.3047450e-001
  1.6451593e-001
  1.7726922e-001
  3.4420651e-002
 -2.8484122e-002
  2.1642267e-002
 -3.9306252e-002
  2.7751341e-002
  6.9702267e-002
  3.6365086e-002
  4.5924164e-002
  6.5578048e-002
 -1.4145624e-002
  2.0611439e-002
 -8.4604379e-002
  1.2644792e-002
  1.4210883e-002
 -6.2685141e-002
 -8.0159273e-002
 -2.3671283e-001
  6.1527617e-002
  7.1864567e-002
 -1.6788665e-001
 -8.2659679e-002
 -1.3311497e-001
 -9.0565435e-002
 -3.8645578e-002
  1.4117181e-001
 -5.2418720e-002
  7.6008072e-002
  3.4509933e-003
 -3.8743418e-001
  2.1400168e-001
 -3.5168498e-001
  8.9462405e-002
  2.5192457e-002
 -6.4524403e-002
  1.0518485e-001
 -2.9854203e-002
 -1.0977604e-001
  1.2681128e-001
 -5.7312167e-002
  3.6454958e-002
 -1.0188657e-001
 -1.0745454e-002
  1.0133843e-002
 -4.4548670e-002
 -2.8830842e-002
  2.9827135e-001
  2.6233127e-001
  1.9972524e-001
 -1.1562930e-001
 -1.6644430e-001
  4.5104382e-002
  2.2731126e-001
 -2.0935241e-001
  3.9408278e-001
 -1.4499131e-001
 -2.9594926e-001
  2.2506726e-001
  8.5433432e-004
 -3.0234730e-001
 -2.7888232e-001
  8.0488599e-001
  3.2145097e-001
 -2.6198033e-001
  1.4312772e-001
 -1.4966082e-002
 -1.0686132e-001
  1.6303792e-001
 -8.3075466e-002
 -1.5740480e-001
  2.0812608e-001
  5.5339032e-002
  1.1437524e-001
 -1.8010007e-001
 -1.6927511e-001
  2.2758404e-001
 -1.9622953e-002
 -3.5270842e-001
  1.1846350e-001
 -8.1948885e-002
  1.5980108e-001
 -4.2720772e-002
  3.1296626e-001
 -8.1454322e-002
 -2.6664355e-001
 -9.2322235e-002
  3.7287190e-001
 -3.3992487e-001
  4.0122246e-002
 -2.3261597e-001
 -6.7680548e-002
  3.4390768e-001
  7.8864585e-002
 -7.7583099e-001
  2.0088351e-001
  2.8540965e-001
  3.4856565e-002
 -7.6268213e-002
 -6.4094655e-002
  3.1439958e-001
 -1.0647346e-001
 -3.1186930e-001
  1.6521816e-001
  2.2303288e-001
  6.7882289e-002
 -1.5137660e-001
 -4.9580648e-002
 -2.7778272e-002
 -2.9399161e-002
 -1.5866480e-002
 -4.2798990e-002
  1.1603596e-001
  9.0453535e-002
 -8.4998769e-003
 -9.9662622e-002
  2.2706732e-002
 -3.4635241e-002
  1.2016551e-001
 -7.6219284e-002
  3.9589140e-001
  1.1966789e-001
  3.8026433e-002
 -6.9112510e-002
  1.8735732e-001
  9.4823116e-002
  5.6518623e-002
  2.4970071e-001
  4.3160078e-001
  4.9314662e-002
  1.9693118e-002
 -3.8535426e-004
  5.4792040e-002
 -5.4578800e-002
  1.2403225e-001
  3.2843591e-002
  2.5733073e-001
  3.6496273e-002
  1.4006004e-001
 -8.7658276e-002
 -5.1704805e-002
 -6.0153458e-002
  5.5812261e-003
 -4.8384079e-002
 -9.7719649e-002
 -9.3989853e-002
  4.0099939e-002
  2.5348285e-002
 -1.2278037e-001
  7.6407522e-002
  7.3269782e-003
 -1.3647568e-001
 -2.8539874e-001
 -2.2833374e-002
  5.8125282e-002
  2.2121817e-001
 -2.8011023e-002
  9.8711791e-002
  1.0143299e-001
  4.9496817e-002
 -1.9099592e-001
  3.4453471e-002
 -7.1304554e-003
  1.3900338e-001
  8.2119395e-002
  7.4889575e-002
  2.3651151e-002
  1.0099661e-001
  1.4511520e-002
  6.3631936e-002
  6.8075357e-002
 -1.3305686e-001
 -3.7720537e-002
 -9.7639936e-002
 -9.0690941e-002
 -8.0253588e-002
 -8.9227380e-002
 -9.0697636e-002
  7.2570178e-002
  8.6376714e-002
 -9.1534893e-002
  4.0374716e-002
  1.9330679e-002
 -3.5443058e-001
 -2.9019135e-001
 -1.3229515e-001
  5.8980477e-002
  5.3164091e-001
 -7.2672089e-002
  1.1947823e-002
  6.1532360e-002
 -2.1909073e-001
 -2.0018994e-001
 -2.1440463e-002
 -7.3970835e-002
  3.0603398e-001
  6.3905913e-002
  1.5314011e-001
 -2.6260893e-002
  1.5269708e-001
  1.5052677e-002
  1.7810344e-001
 -7.5960730e-002
 -1.0776558e-001
  4.8925593e-002
 -5.2532212e-002
 -1.1060944e-001
 -2.8034092e-002
 -9.3898477e-003
 -2.3716344e-002
 -6.2208306e-002
 -3.0456877e-002
  6.7130288e-002
  2.2726326e-001
  3.2929282e-002
 -1.3840319e-001
 -6.0269635e-002
 -7.4314121e-002
 -2.0980178e-002
 -1.4500871e-001
  1.6101704e-001
  3.1454315e-001
 -1.7185925e-001
  4.6539084e-002
 -3.5287216e-002
 -5.6213689e-002
 -2.1270670e-002
  2.0620406e-001
  1.1458394e-001
  1.0443202e-001
 -6.3680861e-002
  1.6591322e-001
  1.0694790e-001
  1.5953173e-001
 -2.8399741e-002
 -2.0082925e-002
 -3.8763590e-002
 -4.8561686e-002
  1.9321589e-002
 -1.2917399e-002
  4.5502283e-003
 -1.4275383e-002
 -5.2000386e-002
  1.4339332e-002
 -1.2431111e-002
  1.0679403e-001
  3.4640015e-003
 -7.3525437e-002
 -4.3401638e-002
 -4.2206089e-002
 -1.3937507e-003
 -5.9792541e-002
  1.1127264e-001
  1.1578002e-001
 -5.5181331e-002
  2.3681880e-002
  1.2345965e-002
 -4.0066048e-002
 -2.0188478e-002
  3.1249172e-002
  3.1984031e-002
  2.3852512e-002
 -2.0710848e-002
  5.4221245e-002
  3.5003696e-002
  1.3483970e-002
 -8.6880903e-004
 -1.4460877e-002
 -5.6514411e-002
 -5.5690137e-002
  1.3641181e-001
  1.0408047e-001
 -1.3742933e-001
  1.1140916e-001
  1.2011476e-001
 -2.1769312e-001
 -1.1285785e-001
  9.7037284e-002
  5.5819871e-002
  1.9559830e-001
 -5.1034671e-001
  4.2660584e-001
 -9.9920610e-002
 -3.8900639e-001
  4.6987759e-002
  3.7732856e-001
 -3.9408487e-001
  3.7075009e-001
 -1.5918696e-001
  6.9129629e-002
  1.0216659e-001
 -1.4913523e-001
  1.4444905e-001
 -6.5712232e-002
 -2.8900008e-002
  3.2132773e-002
 -1.0101405e-001
 -2.3856207e-002
 -2.3259405e-001
 -2.0108456e-001
 -2.2539298e-001
 -3.2184963e-002
  1.0681968e-001
  1.0135077e-001
 -1.3683080e-001
  2.5824120e-001
  5.5165376e-001
 -1.3344057e-001
 -2.4801542e-002
 -2.4584815e-001
  3.0204855e-001
  8.6639845e-001
 -2.3074441e-001
  1.1894295e-001
 -1.9099925e-001
 -8.2177928e-001
 -5.4941863e-001
 -1.6983455e-001
  3.6959058e-001
  8.8322927e-001
 -7.4048467e-001
  3.0246680e-001
  3.3351367e-001
 -1.9889335e-001
  3.5237611e-001
 -3.5210773e-001
  4.3030187e-002
  9.2717889e-002
  6.1170670e-003
 -1.3729450e-002
 -2.5499596e-001
 -1.7850989e-001
 -6.6388196e-003
 -1.7521608e-001
 -1.5164779e-001
 -1.8182476e-002
  2.0829609e-001
  1.5021361e-001
  2.0412260e-001
 -4.3325809e-001
  1.0002678e-001
 -5.8527557e-001
  2.1458548e-001
  3.5188369e-001
  2.2816500e-001
 -8.8743935e-002
 -3.2623002e-001
 -3.9155385e-001
 -7.5081983e-002
  4.0217595e-001
  3.3078962e-001
  5.2735231e-001
  4.6693191e-002
  1.8630172e-001
  3.9185962e-001
 -4.5106375e-002
  6.2287748e-002
 -3.6176595e-001
  9.8714631e-002
  3.9625192e-002
  1.7907706e-001
 -3.6510396e-003
 -4.2918233e-002
  2.3879216e-002
 -5.7100017e-002
 -1.4243467e-001
  8.0477661e-002
  3.3549755e-002
  6.1362180e-002
  1.1569102e-002
 -4.0996439e-002
  1.0736452e-001
  2.0604128e-001
 -3.1228666e-001
  2.3379128e-001
  1.6206035e-001
  4.0791728e-001
  2.6359444e-003
  1.9798541e-001
  5.5145128e-001
 -1.4105822e-001
 -4.1889828e-001
  6.5475659e-001
  4.4536865e-001
  1.7354351e-001
  9.0840464e-002
  1.1369766e-002
 -7.7656993e-002
 -3.7422183e-002
 -1.3154262e-001
  2.1527901e-002
 -1.7830560e-002
 -2.5422713e-002
  3.4737592e-002
  1.8605237e-002
 -8.4829660e-002
  1.0102311e-002
 -3.1534995e-002
 -3.2357531e-002
 -7.2076191e-002
 -8.0034755e-002
  2.8487296e-003
 -8.6871364e-002
 -3.5394867e-001
  1.0761483e-001
 -2.4162993e-001
 -2.0941703e-001
 -2.2079630e-001
  1.9511301e-002
 -3.1646978e-001
  5.1282195e-002
 -3.2134876e-002
  1.3947375e-002
  1.6042779e-001
 -2.0500279e-001
  2.3044302e-003
 -3.0722116e-001
  9.8117739e-002
  1.6864125e-001
 -6.7478293e-003
  9.6408747e-002
  9.5857759e-002
  2.8412102e-002
  4.3504825e-002
 -9.3643617e-002
 -2.0832973e-002
 -1.2109071e-001
 -1.6246784e-001
  4.6218710e-002
 -2.2131379e-001
  6.0885652e-002
 -1.2620948e-001
 -3.3778792e-002
 -2.4619472e-001
 -4.2470500e-002
 -5.2964770e-001
  9.5521700e-002
 -3.1678513e-001
  1.2519154e-001
 -6.6058125e-001
 -7.4183289e-002
 -5.1892698e-001
  2.0709222e-001
 -8.3237763e-002
 -9.4537281e-002
 -1.8979449e-001
  7.7982019e-001
  7.6506870e-001
 -3.1320917e-001
  1.8017109e-001
  1.4049137e-001
  2.5334436e-004
  3.5113814e-001
  3.9375997e-001
 -1.6374417e-001
 -5.1534373e-002
  3.3530748e-003
 -1.0033758e-001
 -3.6511192e-002
  3.0836300e-003
  1.1694705e-001
 -2.4859772e-001
  2.9676988e-002
 -2.1423692e-002
  2.0891731e-002
 -2.4810823e-001
 -2.0542239e-001
 -2.7793075e-001
 -1.1947969e-001
 -1.5439751e-001
  7.5130806e-002
 -3.4907579e-002
 -8.9574662e-002
 -3.3473767e-001
 -2.8298658e-002
 -1.8730004e-001
 -1.4300604e-001
 -6.5147265e-003
 -2.5257731e-002
  2.0335872e-001
 -3.7048449e-001
  3.1619762e-001
  2.8966064e-001
  8.8101541e-002
  1.9831006e-001
  8.4619418e-002
 -2.9461546e-002
 -6.8589746e-002
 -5.0832697e-002
 -1.4683948e-001
 -7.7089334e-002
  2.4330192e-002
 -4.4211980e-002
 -8.0682744e-002
  1.0967890e-002
 -1.0322026e-001
  5.6567747e-002
 -1.3303437e-002
 -8.4422518e-002
 -7.1146301e-002
  3.2231920e-002
 -5.0628941e-002
  5.1712119e-002
 -1.0846665e-001
  4.0648877e-002
 -1.2377271e-001
  2.7374503e-002
 -1.3362143e-001
  5.2601725e-002
 -1.7322783e-001
 -3.7733738e-002
  2.1525605e-001
  1.1885911e-001
 -2.9529509e-002
  1.0694711e-001
  2.4626759e-002
  6.4777731e-002
 -3.4417567e-002
  2.6853178e-002
 -1.6849315e-002
 -2.3249840e-002
 -3.6437255e-002
 -5.0099114e-002
  7.8703268e-002
 -3.7300781e-002
 -6.7630314e-003
  4.9806779e-002
 -2.1186675e-002
  9.0093546e-003
  2.6329238e-002
 -2.4481468e-002
 -6.4699920e-002
 -3.4638157e-002
  8.0789939e-002
 -5.1657370e-002
 -1.0165344e-001
 -6.1522759e-003
 -4.1412572e-002
 -2.2386869e-002
 -1.9964948e-002
  1.8787224e-001
  1.1562309e-001
 -1.0223906e-001
 -5.8187240e-002
 -4.3339019e-002
 -9.4979571e-002
 -3.9432692e-002
  2.3256548e-002
 -7.4084588e-002
  1.9399162e-002
 -2.4783611e-002
 -1.1028403e-002
 -6.8650328e-002
  6.3799240e-002
  1.3074417e-002
  2.2706145e-001
 -8.7701933e-002
 -9.6841407e-003
  1.4539255e-001
 -1.2664266e-002
 -6.2937061e-002
 -4.5829317e-002
 -3.4484766e-001
 -8.5616293e-002
 -4.4520978e-001
 -1.3217971e-001
  1.1448030e-001
 -1.7474094e-001
 -7.3758691e-002
  8.4920594e-002
  1.8215482e-002
  2.0708292e-001
  3.3723932e-001
  9.3573913e-002
 -2.2933837e-001
 -1.0992398e-001
  6.3954238e-002
 -1.0235957e-001
  1.6086649e-002
  1.0532854e-001
 -7.5525127e-002
 -3.0539170e-002
  2.5867406e-002
 -6.0653208e-002
 -2.3178389e-002
  4.3996974e-002
 -1.0943838e-001
  1.0263238e-001
 -5.1678990e-002
  7.1938918e-002
 -3.1404346e-002
 -1.0821095e-002
  1.7356513e-002
  4.0966008e-002
 -5.2496694e-001
  6.8239399e-002
 -2.5605077e-001
 -9.1309996e-002
 -2.0717280e-001
 -1.4770428e-001
  1.1141273e-001
  1.0341331e-001
 -7.7152450e-002
 -1.7249708e-001
  1.5994128e-001
  5.3918752e-002
 -1.1952491e-001
 -2.4045379e-001
 -7.8277037e-002
 -3.0125290e-001
  5.0609619e-002
  1.0958100e-001
  1.6965639e-001
  1.0157701e-001
 -8.2838520e-002
  1.6827760e-001
 -1.5693777e-002
 -1.0259221e-002
 -8.5025871e-002
  5.6607453e-002
 -2.2626609e-002
  5.6853689e-002
  6.8449860e-004
 -1.6227465e-002
  2.5610116e-002
  8.2091772e-002
 -1.8205780e-001
  4.8022816e-002
  4.9029913e-003
  1.7321885e-002
  1.4015766e-001
  3.3417114e-002
  9.0851244e-002
  1.1555789e-001
 -1.5994116e-001
  1.4829653e-002
  7.5741321e-002
  4.9696109e-002
  2.6967345e-002
 -1.2051835e-001
  1.0780192e-001
  1.1456460e-001
  5.0377815e-002
  7.2973221e-003
  7.9707436e-002
  4.7125700e-002
  1.4461317e-002
  4.2495060e-002
  3.2438206e-002
 -7.9001848e-003
