-1.65553
-2.92917
-1.11586
-1.87366
-1.78699
-1.74504
-2.05847
-1.90956
-0.179779
-0.899859
0.230259
-1.21448
-2.28327
-1.78011
-0.575761
-1.35711
-0.629889
-0.273136
-1.9437
-1.99747
-0.984787
-1.85197
-2.59427
-1.94668
-1.455
-1.87759
-2.46982
-2.75377
-2.09375
-1.65196
-2.12843
-2.05971
-1.59323
-2.05035
-2.26127
-1.02491
-0.324105
-1.43291
-2.19455
-1.99533
-1.0422
-0.0382532
-1.36987
-0.391074
-1.12775
-0.116275
-0.869172
-2.4699
1.07345
-0.723616
-0.816647
-1.13795
-0.253665
-1.61
-1.51417
-1.41945
-0.292534
-2.04925
-0.520926
-0.477764
-2.01306
-1.41596
-0.560561
-0.706996
-1.00107
-1.72612
-1.17325
-1.27912
-2.43203
-1.03466
-2.67006
-1.22281
-1.68128
-1.66996
-1.18331
0.595385
-1.50482
-1.56873
-0.292395
-1.8061
1.14825
0.330959
0.573792
0.598585
0.222364
-0.669641
1.08121
0.580215
-1.55696
1.2234
1.89931
-0.898466
0.816488
-0.201956
0.883664
-1.15638
0.945995
0.935441
0.504066
-0.959204
-1.12632
0.349852
0.649073
1.08906
-0.472023
0.390395
0.855507
-1.9991
-0.664726
-1.08162
-0.852026
-0.269852
1.25079
-0.833093
-0.00948981
-0.760514
1.69133
0.204296
-1.51919
1.2797
