-1.32612
-0.346819
-0.736601
-2.22705
-0.200168
-1.36109
-2.02169
-0.975872
-1.25639
-1.1224
-1.09544
-2.97197
-1.72296
-2.28327
-0.740234
-1.41139
-1.46909
-1.94061
-2.49287
-2.30906
-1.81876
-1.40776
-2.13791
-1.16348
-1.86392
-1.26303
-2.30182
-2.63458
-1.5298
-0.268928
-1.40014
-1.85869
-1.99634
-0.449378
-0.801517
-2.30906
-0.326991
-0.49937
-1.19135
-2.92917
-1.78075
0.388856
-2.18288
-1.55957
-0.056943
-0.441463
-0.982653
-0.94828
-1.35631
0.494081
-1.29694
-0.424191
-1.85484
-0.172671
0.863967
-0.680333
-1.76992
-2.40969
-1.38617
-0.753454
-0.941362
-0.793998
-1.17625
0.209591
-1.51319
-0.511662
-2.17456
-1.45793
-0.0721122
-0.684148
-1.8878
-1.58666
-1.96141
-1.43313
-1.46598
0.340237
-1.27178
-1.29332
-1.25122
-0.854872
0.425735
0.976768
-1.47734
0.401116
-0.858002
0.756674
-0.198191
-0.051785
-1.06636
0.498575
-0.162305
0.306937
1.41674
1.67653
1.25858
-0.134845
-2.51921
-0.25423
0.266456
0.788316
1.1653
-0.0231303
-0.971562
0.143911
0.90506
0.433204
-0.836412
0.485401
-0.785536
-0.287734
0.586006
-0.726448
-2.63872
0.534686
1.09495
-0.565895
-0.0556317
1.71688
0.759747
0.888142
