-1.19182
-1.56123
-2.74993
-1.83204
-1.82152
-0.949066
-2.34411
-0.179968
-1.21436
-1.9437
-1.3936
-0.680333
-1.92774
-1.69304
-0.667776
-2.73554
-0.74568
-1.3715
-1.90239
-1.22491
-0.0374318
-2.04347
-1.30544
-2.22582
-1.52189
-1.41361
-2.20251
-2.46036
-1.69401
-1.63736
-1.30435
-1.15088
-2.1214
-1.62468
-1.8575
-1.40191
-1.70642
-0.674868
0.0513741
-1.6244
0.507349
-0.505104
-1.37257
-0.991776
-1.46632
-1.72456
-1.89591
0.305328
-2.50649
0.450901
-0.800431
-0.146795
-1.24371
-0.82067
-1.74001
0.610099
-0.768037
-1.65202
-0.794797
-1.43677
-0.552045
-1.68694
-0.0946751
-1.47372
-1.63176
-1.61309
0.475146
-1.50644
-2.12782
-1.27368
-1.74943
-0.404723
-1.5703
0.908129
-0.671115
-1.76854
-1.6786
0.330959
1.06756
-0.583729
0.936406
0.451514
0.145956
0.636883
0.169199
0.529852
-2.0159
-1.04548
0.340969
-1.30525
-0.595127
0.0922612
-0.20795
0.0380346
0.732016
-0.727775
0.617521
0.306713
0.415657
0.296053
-0.342269
-1.42235
0.662768
0.403952
0.227016
0.169034
0.711106
-0.0735395
-1.3531
-1.86681
0.348243
0.630938
0.281284
-0.727332
-0.728114
0.478561
0.137901
1.34237
1.47595
1.49234
