0.964755
-0.0607771
0.347183
0.999669
2.18867
0.0428742
0.415933
0.335082
0.34368
0.208847
1.27766
0.464613
0.746029
0.982126
-0.03145
0.579467
-0.598871
1.4654
1.05791
0.759083
0.735459
-0.0707403
-1.01914
1.44945
-0.0722167
-0.183456
0.33758
-0.822671
0.976471
-0.0886211
1.18404
0.295614
1.88164
0.410637
0.164074
-0.107134
-0.83651
0.244678
0.124275
0.539001
-0.399981
-0.454857
0.809796
2.1978
-0.880833
0.123193
-0.248138
0.776786
0.120959
0.752139
-0.208121
0.0578139
0.0241913
0.752498
-0.571279
-1.352
-0.290525
0.470125
2.20546
1.52039
0.385824
-1.56119
-0.424783
0.468132
-0.717087
-0.0766992
-0.409407
1.12111
0.422941
0.367953
1.40268
0.807792
0.557286
-0.0653472
0.210473
-0.304135
0.726754
-0.523063
1.63606
2.02536
-0.274844
0.917734
-0.652894
-0.445448
0.634858
0.536375
-0.178009
1.79071
0.402107
0.864336
0.977151
0.504336
1.30263
0.399226
0.626118
-0.992623
0.457775
1.5675
-0.0932591
0.932435
-0.414455
-0.0541452
0.799196
0.375681
-0.122114
0.915193
-0.650165
1.46663
0.244538
1.15605
0.689542
0.820948
-0.235569
-0.440899
0.372616
1.26805
1.19173
-0.250242
0.507281
1.72248
0.761545
0.505044
0.152655
-0.361837
-0.376082
2.55517
-0.534137
-1.01646
-0.204125
1.43665
-0.28392
0.0185999
0.672171
0.607646
-0.579214
0.304822
0.156766
0.510678
0.800621
1.27587
0.130844
1.06811
0.934272
0.236239
0.415223
0.97926
-0.747247
-0.177955
0.730125
1.86544
0.663445
0.199006
-0.0533589
0.201245
0.160793
-0.542672
-2.31361
0.540994
0.379009
0.427489
-0.341448
-0.439172
1.54476
-0.510429
1.0679
-0.601916
1.44483
0.523134
1.51774
-0.40028
0.22204
0.534241
-0.572621
-0.25341
0.265494
2.23573
-0.175701
0.498051
-0.172824
0.567985
-0.994856
-0.223651
0.203871
1.76888
0.57461
0.188601
-0.044985
-1.53107
0.40616
0.162755
0.409217
-0.825605
-0.585495
-0.892885
0.116238
-0.0297809
2.22581
0.766984
1.94105
0.32958
1.10011
0.214989
0.86384
0.0446253
0.503771
1.21119
-0.382211
-0.270352
-0.168064
0.100582
0.872728
0.76548
-0.216993
-0.259405
0.247139
0.18197
1.45162
-0.836532
0.209017
0.422709
0.0558768
0.806718
-0.889663
0.767868
0.280327
-0.148075
-1.36273
-0.332765
-0.311935
0.366399
-0.425729
0.445778
0.365939
-0.338277
0.960781
0.753148
-0.880725
0.52182
0.244724
1.32857
0.845514
0.659071
-0.00116054
-0.737124
0.318856
-0.254129
0.399682
0.804467
1.21323
0.0915742
0.939344
0.395006
0.229599
-0.0942174
-0.035086
0.178823
0.960636
1.37574
0.571479
-0.101533
0.21579
-0.168256
0.088688
-1.052
0.156706
0.901942
0.912118
0.296309
0.977185
1.67428
-0.727271
0.864592
0.264924
1.83099
-0.572081
1.50101
0.717521
-0.162115
-0.333186
0.00281409
0.850792
0.0872632
0.351147
-0.982271
0.325397
-0.219341
0.489121
0.96056
1.13295
0.561988
1.01096
0.0925239
1.06078
0.67272
0.797054
0.311532
-0.133601
-0.210863
-0.144182
0.385028
0.258392
-0.0855995
0.16002
1.47796
0.0598879
-0.372675
0.820007
0.441894
0.795179
-0.491183
0.220028
-0.229382
-0.118711
-0.0553882
-0.391645
0.933368
0.110404
-0.0605068
0.619502
0.496874
0.547117
-0.051301
0.351833
0.329107
-1.35824
2.37779
0.0278382
-0.969541
0.833822
-0.56155
0.924276
1.15116
0.343858
0.764848
-0.412288
0.327483
-0.469079
-0.381754
0.576596
-0.142785
1.51368
0.507726
-0.26799
1.7614
0.811741
0.168132
1.71874
0.0449109
1.421
0.192458
-1.37388
-0.962955
-0.134243
1.7768
0.209674
1.04434
-0.00754537
-0.267933
-0.252472
-0.285446
0.280067
0.680484
-0.447728
0.52941
-0.480688
0.717715
-0.779845
0.349241
1.38458
1.24859
-0.693326
0.207459
-0.077784
-0.528435
-0.398991
1.37155
0.242047
-0.372373
0.0715809
0.267691
1.04235
0.0479565
0.03744
1.01554
1.21268
-0.40012
0.116731
1.08805
3.00581
0.601614
0.347028
1.33117
-0.69034
-0.886401
-0.567717
-0.258546
0.208741
-0.0678871
-0.205295
-0.0890305
0.563318
-0.0667515
0.0783736
-0.132003
-0.636775
0.442521
-0.16781
-0.534049
1.45634
0.994322
0.464188
0.127251
0.130586
0.353235
2.70071
0.369404
1.14482
0.746614
0.610228
0.0608483
-0.79261
-0.438311
-1.22937
0.614415
0.800095
-0.38527
-0.304943
0.667396
1.72083
-0.759809
0.909655
-0.765755
-0.50337
-0.25462
1.25776
-0.0885575
0.32327
0.899493
2.23259
0.462003
-0.0389102
1.13102
0.258824
0.346804
-0.528103
-0.00419971
0.394022
0.130811
-0.34448
-0.150555
0.279565
0.227661
1.19709
-0.389227
1.27359
0.313478
1.59107
0.0157891
0.0606818
0.392132
1.77412
0.312931
0.0220697
1.247
-0.380048
0.757967
0.426581
1.39161
-0.0669654
-0.161252
0.532432
1.10564
0.231894
0.63074
0.0674117
-0.352544
0.838158
0.156408
0.966086
-0.377423
-0.246595
1.07796
1.76086
0.413589
1.10867
0.160825
0.654613
0.690103
1.51943
0.99942
1.49486
1.951
0.725595
0.479492
-0.382822
0.479641
1.1142
0.0731268
0.23849
1.3243
-0.130905
-0.0137404
0.422184
0.174111
1.94865
0.215542
0.368226
-0.104523
0.485713
0.559273
-0.44078
-0.369372
2.48584
1.28003
1.31351
-0.0946174
1.23353
0.665117
0.975688
0.628241
0.767673
-0.74711
0.743482
-0.233243
1.35769
-0.892321
1.4062
0.464902
0.899314
-0.502581
0.435376
-0.360603
-0.0854785
0.81154
-0.00751172
0.969469
0.692518
-0.465057
0.576764
1.12644
0.0411487
0.607779
0.588776
-0.805263
0.998816
-0.458074
-0.819304
1.25446
0.865057
-0.818054
0.362176
0.951351
1.86311
1.35211
-0.401994
2.07757
0.25552
-0.438044
0.524999
1.89856
-0.594267
-0.772081
0.244896
1.1327
0.167907
0.453388
-0.447705
0.247344
0.127508
0.160339
0.775832
1.90644
-0.80915
-0.587314
-0.287567
0.963018
-0.899206
0.215488
0.323827
1.64487
0.103349
1.37875
1.53505
-0.122997
-0.187348
0.762939
1.02386
0.280846
0.523103
1.58294
1.34839
-0.160098
1.74452
0.416671
0.900236
1.37945
0.660352
0.945733
0.391073
-0.52598
-0.697035
-0.45632
0.626331
2.56012
-0.097666
-0.559156
0.865525
-0.777533
1.45006
-0.596913
0.579977
0.434337
0.393893
0.875547
-0.263983
-0.133613
2.10969
0.278335
-0.540703
0.845409
-0.178554
1.1804
-0.197282
1.02949
1.87564
0.650446
0.0837934
0.116308
-0.908277
-0.244553
0.297128
-0.321845
-1.30024
0.260215
-0.405532
0.343197
0.135264
-0.0986602
-0.225017
-0.168452
0.306797
0.206656
0.0894029
0.516258
-0.818067
0.441238
0.809683
-0.287305
-0.539469
-0.962225
0.268325
0.279373
0.130328
0.527477
-0.440607
0.682837
-0.573823
0.698493
-0.164307
0.831257
1.09641
-0.749366
0.0945778
0.730272
1.2437
0.361033
0.283104
0.619533
0.170365
0.32882
0.676216
1.15738
1.52149
2.3277
0.797903
0.684198
0.457018
0.661867
0.142957
0.374961
-0.217532
0.458766
-0.271597
-0.37785
-0.0109607
0.97157
-0.370753
-0.265078
-0.0192792
0.532777
0.207292
0.171604
1.53016
2.07288
0.364287
1.24101
2.03759
0.174541
-0.616838
0.572429
-0.867824
0.182142
0.416106
0.921019
0.310502
0.499565
0.545047
0.327573
-1.0322
0.192129
0.263189
0.744255
0.134439
0.599914
-0.164036
-0.101407
-0.616157
0.794475
0.837125
-0.394442
-0.795183
1.02578
-0.0663344
0.339564
1.34441
-0.780937
0.432879
-0.0514945
-1.59551
0.751265
0.347686
-0.814343
0.678488
-0.00241132
0.00725001
2.10109
-0.0700067
0.0690592
0.293935
-0.683351
-0.450183
0.44946
0.602043
0.241986
0.466446
1.18683
-0.110833
0.303865
0.0245962
0.537599
1.08647
0.401022
-0.191396
-0.385768
0.230682
0.319184
0.0577087
0.0105671
-0.274009
-0.122189
-0.195795
1.27451
-0.0820978
0.192887
0.213859
1.11481
0.54998
1.30032
0.570015
1.64735
1.07654
0.816677
0.0129271
0.36621
-0.459425
1.07702
1.53081
-0.444013
-0.367309
0.371939
1.31522
1.60015
-0.348962
-0.386023
0.443615
0.323191
-0.65421
0.214621
0.301505
-0.319217
-0.0516805
0.0482015
-0.460178
0.0210001
0.839732
0.324477
1.6352
0.620063
1.35602
1.66692
0.0236393
-0.211244
1.31281
-0.279301
-0.0189384
-0.471316
0.852576
0.135533
-0.337507
0.853006
0.252719
1.12577
0.840732
0.855912
0.238436
0.166058
-0.418766
0.941741
0.702822
1.17352
0.407952
0.129735
0.55817
-0.469879
-0.687876
0.701467
0.774939
-0.390577
0.000290335
0.130765
-0.44167
0.372552
0.0193006
-0.309188
-0.235945
1.01783
-0.185805
1.56107
-0.190948
0.260887
0.978568
0.142487
0.588909
-0.0552008
-1.26603
0.144658
0.722256
-0.209565
1.97574
-0.512326
1.24475
0.371698
0.0221291
0.332199
0.517682
2.14139
-0.420687
-0.496936
1.52828
0.366425
-0.383211
-1.03682
0.616649
-0.276613
1.52289
2.59227
1.25888
0.33337
0.23799
0.151014
0.227372
0.0557396
1.44129
1.29
1.58185
0.875555
0.670662
-0.471908
1.27425
0.42597
0.0896917
0.588914
0.831326
0.0305453
0.679834
0.366721
1.04179
0.820239
0.401446
-0.0549918
0.552167
-1.26146
1.39056
-0.756095
0.609038
0.414046
0.175436
0.142792
0.772177
0.210925
0.483632
-0.27251
0.229387
0.00182152
0.276858
0.886144
0.571313
0.0444576
-0.0237244
-0.0590349
0.238048
1.60872
0.607687
-0.168977
1.60422
-0.422698
-0.366488
-0.435644
0.494257
0.389008
0.582198
1.07589
