-1.22932
-1.64749
-2.47402
-1.46291
-1.46889
-1.54433
-1.56007
-0.857723
-2.01574
-2.07977
-1.2386
-2.22244
-1.69976
-2.05755
-1.74775
-1.22364
-1.54541
-1.22973
-1.6353
-1.48676
-1.87738
-1.19182
-1.52222
-2.26127
-1.10649
-2.94838
-2.79126
-0.705013
-0.880139
-1.94086
-2.40108
-2.8892
-1.17137
-2.36623
-2.30182
-0.854549
-2.78831
-1.03816
-1.54459
-2.29531
0.0215735
1.17243
-1.32677
-0.839823
-0.8389
-1.46618
-1.69272
-1.6435
-0.568339
-1.97846
-1.40946
-1.69406
-1.43106
-2.54227
0.614364
-0.507034
-1.13511
-1.67791
-1.26038
-1.61916
-1.39559
-0.258959
-1.3624
-1.54218
-1.90496
-2.07315
-2.04606
-2.26303
-0.819345
-0.75103
-1.11958
0.504004
-1.51107
-1.62124
-1.23781
1.16617
0.27894
-1.51804
0.286065
-0.919492
0.593967
0.148865
-0.618634
1.25029
-1.07783
0.527046
-1.26975
-0.644159
0.743355
0.356236
-0.281638
0.0260845
-0.030148
1.25043
-1.33419
-0.455733
-0.00753345
0.911449
0.451337
-0.551296
0.574327
-0.809941
0.444716
0.741796
0.306433
0.559428
0.0135211
0.609879
0.563836
0.916635
0.286543
0.22937
1.39677
0.831235
-1.63945
0.0562432
-0.641847
0.984791
-0.27294
0.447629
