-0.753134
-1.03183
-1.4309
-1.20419
-0.479085
-0.957969
-1.54031
-1.1765
-0.545048
-1.38865
-0.663119
-1.77558
-0.112519
-0.309491
-0.692517
-0.761685
-0.711649
-1.00269
-0.549607
-0.857723
-0.827921
-0.527185
-1.0649
-1.11096
-1.01091
-1.6023
-0.381245
-1.13006
-0.203903
-0.759573
-1.47743
-0.691403
-1.46216
-0.637782
-1.71246
-0.87549
-1.15231
-0.446695
-1.75866
0.291192
-1.18296
-0.955697
-1.74353
-0.093546
-0.990484
-0.64318
-0.734972
-0.617018
-0.480159
-1.01245
-1.47694
-2.43527
-0.669449
-1.08042
-0.80879
-0.933216
-0.397995
0.373102
-1.60771
-0.279292
-0.813201
-0.817625
-0.684637
-1.88354
-1.8683
-1.39481
-1.21715
-1.15573
-1.16569
-1.86083
-2.11753
-0.808534
-0.294792
-0.998554
-1.08766
-0.312789
-1.36986
-0.993988
-0.670499
-1.24249
-1.34988
-0.516724
-0.666794
-0.836686
-0.468773
-1.31588
-1.19428
-0.646779
-1.63471
-1.79666
-1.01459
-0.0538368
-0.726436
-1.35096
-1.00521
-1.42349
-1.20308
-1.12676
-0.965524
-0.806874
-0.997881
-1.19918
-1.01016
-1.35239
-1.18498
-1.395
-1.24316
-1.76672
-0.958102
-0.408066
-1.78625
-0.695723
-0.598677
-0.925029
-1.5192
-0.395893
-1.60124
-1.03971
-0.887599
-0.171109
-0.63142
-2.08104
-1.33414
0.36697
-1.5365
-1.13613
-0.755375
-1.15112
-0.0687909
-0.49526
-0.96772
-1.50965
-0.984204
-1.79639
0.0715044
-1.03245
-0.647347
-1.726
-1.31247
-0.525696
-1.01358
-2.19003
-0.590307
-0.4639
-0.957275
-0.623155
-1.47494
-2.09579
-0.887946
-0.714414
-0.623318
-0.806653
-1.08298
-1.47828
-0.427475
-1.48372
-1.6361
-0.695488
-1.40431
-0.690712
-1.01966
-0.770542
-0.124398
-1.42632
-1.55345
-0.937218
-1.05038
-1.76956
-1.39831
-1.14418
-0.722722
-0.936579
0.116186
-0.416122
-1.86777
-0.613071
-1.19334
-1.55796
-1.42019
-0.202187
-1.31514
0.116601
-0.990401
-0.352586
-1.26177
-1.34977
-0.949946
-1.63889
-1.0524
-1.18511
-0.62952
0.545011
-0.637237
-0.918099
-0.909846
-1.51818
-0.81709
-0.721
-1.08641
-0.924754
-0.764292
-1.42921
-1.16463
-0.775669
-0.794586
-0.635461
-0.355837
-0.965117
0.0299337
-2.00044
-0.804186
-0.935482
-1.98219
-1.69077
-0.868687
-0.994591
-1.37993
-0.579047
-1.3986
-0.301612
-1.88749
-0.574019
-1.05204
-1.03788
-0.834202
-1.29054
-0.741289
-1.36732
-1.34224
-1.46846
-0.767623
-1.42721
-0.331951
-0.55049
-0.954931
-0.412975
-0.587738
-0.878978
-1.36017
-0.652974
-0.793263
-0.565873
-0.558827
-1.28435
-2.02563
-0.82791
-0.931536
-1.33318
0.0760688
-1.09455
-0.361784
-1.20384
-1.13256
-0.727065
-1.22437
-0.585657
-0.617083
-0.555798
-1.05827
-1.3966
-1.93873
-1.4019
-0.729198
-0.913605
-0.379264
-1.73814
-0.367607
-1.20107
-0.614265
-1.48327
-0.116858
-1.19272
-1.70897
-1.20948
-1.0418
-1.03497
-2.34614
-1.49085
-0.915214
-0.260898
-1.21202
-1.03083
-1.51343
-1.59961
-0.772256
-1.54543
-1.0311
-0.869023
-1.17836
-0.580109
-0.996391
-0.349752
-0.950795
-1.34125
-1.39457
-1.21179
-1.21257
-0.210496
-1.61275
-0.965016
-0.379417
-1.01932
-1.26888
-1.57621
-0.932026
-1.3633
-1.62204
-1.23843
-0.429748
-1.45599
-1.37776
-1.34029
-1.68378
0.409214
-0.825652
-0.249852
-1.03185
-1.06325
-1.5302
-1.28904
-0.326186
-0.508902
-1.06806
-0.583852
-0.766497
-0.687667
-1.53359
-0.240507
-1.18438
-1.26331
-1.50311
-2.40327
0.219663
-1.58529
-0.560928
-0.384059
-0.577205
-1.07247
-0.700326
-1.45322
-1.45918
-0.265131
-0.846609
-1.06337
-0.262661
-1.05179
-1.61474
-0.464658
-0.593862
-1.19099
-0.431311
-1.09161
-0.628696
-0.865587
-1.40538
-0.760229
-0.406354
-1.27958
-0.543191
-1.26643
-0.788995
-1.48685
-0.392158
-1.07666
-2.43237
-1.02836
-1.4472
-0.815571
-1.20765
-0.731012
-1.0254
-0.681467
-1.85832
-1.36601
-0.83867
-1.26744
-0.858292
-0.055835
-0.70823
-0.31412
-1.43006
-1.08729
-1.07739
-0.945147
-1.15719
0.0927732
-1.21504
-0.352807
-1.0573
-1.00099
-0.347536
-1.02934
-0.909183
-1.19188
-1.03246
0.0653148
-0.176894
-1.05301
-1.44439
-1.0521
-0.147423
-0.605203
-0.80666
-1.20185
-0.794913
-0.660287
-0.760719
-1.30106
-0.903722
-1.19388
-1.54152
0.0282133
-1.40614
-0.765983
-0.86739
-0.894312
-1.93256
-1.03801
-0.695986
-1.1026
-1.19413
-0.322366
-1.51378
-1.18276
-1.41231
-0.867446
-0.282187
-1.01097
-1.162
-1.06598
-0.39769
-1.72293
-0.81653
-1.30391
-1.23259
-1.21302
-1.47795
-0.340882
-1.32889
-1.00909
-1.08821
-1.58352
-1.14633
-0.945101
-1.04695
-0.941553
-2.05132
-0.765905
-0.762628
-1.41998
-0.55519
-0.685359
-2.39581
-1.20798
-0.532943
-1.35951
-0.853323
-0.930538
-1.28789
-0.477093
-0.821506
-1.02176
-0.867981
-1.12102
-0.729042
-1.05348
-1.14785
-0.679816
-0.785731
-0.949561
-1.31426
-0.99586
-1.40512
-0.858472
-0.920277
-1.81865
-1.30058
-0.546811
-1.10353
-0.568948
-0.86257
-0.560601
-1.08991
-0.825708
-0.401344
-1.2427
-0.133247
-1.21913
-1.46639
-1.24203
-0.670223
-1.32703
-0.854195
-0.775571
-1.09558
-1.14983
-0.944397
-0.980064
-0.366
-1.48404
-1.20423
-0.479144
-0.919063
-1.04103
-1.13211
-1.1255
-1.36734
-0.791076
-1.25826
-1.44702
-1.53226
-1.04391
-1.23048
-1.86098
-1.16897
-0.79105
-0.815451
-1.39441
-1.72624
-0.888515
-1.28379
0.448811
-1.4496
-0.520473
-0.851127
-0.180275
-1.54958
-1.98628
-0.672359
-0.193566
-1.45275
-1.5211
-1.5482
-1.58707
-0.727179
-1.19202
-1.83517
-0.724803
-0.612157
-1.12018
-0.892537
-1.27368
-1.24804
-1.22401
-1.6669
0.367648
-1.84924
-0.702227
-1.24971
-1.69911
-1.73052
-0.446479
-1.53216
0.174796
-1.03706
-0.543708
-0.657229
-1.14535
-1.11468
-0.691975
-1.53543
-0.577691
-0.885245
-1.98944
0.239277
-1.07433
-0.473793
-1.04352
-0.762405
-0.468226
-0.64643
-1.24423
-0.432853
-1.02982
-1.65085
-1.81405
-0.561547
-0.895098
-1.43481
-0.16544
-0.705926
-0.972372
-1.04658
-1.31847
-1.66208
-0.0514502
-0.275379
-0.777843
-0.723496
-0.44201
-1.3734
-1.51925
-1.14505
-0.663265
-0.523744
-1.18732
-0.353406
-1.17014
-0.521397
-0.336713
-0.344861
-0.736429
-0.277429
-1.67813
-0.973051
-1.00579
-1.84378
-2.04852
-1.31152
-0.0256304
-0.513872
-1.14461
-0.924266
-2.29676
-0.64865
-0.860056
-1.18349
-0.985209
-0.620754
-1.48767
-1.31106
-1.37326
-0.95029
-0.74405
-0.474183
-1.62657
-0.794142
-0.925244
-0.873097
-1.87519
-1.64859
-1.26225
-1.58474
-0.954139
-1.15218
-1.26594
-0.27153
-1.24824
-0.555003
-0.959558
-1.28525
-0.896423
-0.843961
-0.758893
-1.71699
-1.71007
-0.6706
-1.20008
-1.38793
-0.440004
-1.26517
-0.281775
-1.80338
-1.13255
-0.513691
-1.14407
-0.728291
-0.926778
0.64596
-0.187237
-1.05838
-0.814683
-1.58981
-0.59315
-0.635469
-0.284896
-0.271994
-1.00316
-1.43186
-1.48999
-1.57587
-1.20025
-0.570715
-0.585237
-0.760245
-0.826749
-0.964943
-0.0650539
-0.891831
-1.22312
-1.46654
-0.392641
-1.41436
-1.2089
-0.639238
-2.21034
-0.195562
-1.09684
-2.246
-0.83867
-0.524671
-0.868881
-0.48137
-0.888545
-1.74796
-0.186253
-0.253704
-0.312733
-1.34501
-1.32852
-0.753879
-0.99761
-0.593452
-0.837238
-0.421567
-0.820993
-0.682617
-1.42612
-0.39464
-0.39112
-1.11655
-1.15548
-2.05396
-0.287489
-0.716648
-1.33665
-1.99471
-0.86863
-1.59019
-0.937275
-1.34411
-1.06164
-1.87643
-0.617605
-0.980497
-1.39494
-0.785366
-1.03511
-1.71
-1.61321
-2.19248
-0.912981
-0.551497
-1.24549
-2.13607
-1.00404
-1.16906
-0.998403
-1.46713
-0.850734
-0.924893
-0.941573
-1.88626
-1.0573
-1.40394
-1.11933
-0.721373
-0.878016
-0.105697
-1.63135
-0.472846
-1.69245
-0.874691
-1.75371
-1.26468
-0.887755
-1.12989
-0.376536
-0.738171
-0.425882
-1.07248
-0.773018
-1.77154
-1.00562
-0.136624
-1.80935
-0.979736
-1.29152
-0.67358
0.0302382
-1.64017
-0.441138
-1.00614
-0.532946
-0.634323
-0.906891
-0.988313
-1.4798
-1.18679
-1.16956
-0.223171
-1.23068
-2.26815
-0.0622243
-0.499528
-0.894643
-0.864277
-0.721415
-0.911499
-0.5679
-0.333654
-0.063705
-0.999664
-1.43768
-0.752209
-0.66852
-0.45468
-1.17528
-1.35072
-0.830766
-0.847821
-0.179662
-1.05527
-0.639772
-0.870103
-1.6603
-1.22517
-1.03901
-1.15757
-0.818968
-1.29997
-1.35866
-0.353532
-0.751064
0.534699
-0.529965
-1.58606
-0.269432
-1.23862
-0.524805
-1.35029
-0.585223
-1.31845
-0.757256
-0.954234
-1.5421
-1.02105
-0.965663
-1.11474
-0.847081
-1.29672
-1.38687
-1.40451
-1.07339
-0.893076
-0.561564
-0.840327
-0.423944
-1.3083
-0.995703
-0.915941
-0.0724066
-0.463542
-0.241789
-1.25361
-0.403078
-1.37104
-1.03474
-1.60671
-0.88146
-0.795283
-0.943139
-1.47565
-0.746081
-0.535849
-0.237536
-1.14082
-0.623513
-0.803825
-0.653974
-0.922161
0.196372
-0.869061
-0.848905
-1.08318
-0.748458
-1.16674
-0.40849
-0.883121
-1.78054
-0.949112
-1.95083
-0.959764
-1.48405
-0.890375
-0.44249
-0.944834
-0.657633
-1.38066
-0.603325
-1.21892
-0.205777
-0.0953035
-1.19996
-1.129
-0.672768
0.241323
-0.94225
-1.07519
-1.92254
-1.21085
-0.0638679
-1.26344
-1.73194
-0.088792
-1.28404
-0.984972
-0.434665
-1.0252
-0.00972327
-0.845762
-0.645411
-1.21027
-1.34277
-0.462606
-1.34121
-1.21414
-0.410388
-1.14891
-2.12945
-1.65312
-1.11665
-0.98743
-1.90732
-1.0024
-0.953306
-0.447474
-1.4215
-1.25135
-1.16193
-0.780918
-0.973203
-0.29403
-1.13519
-1.14164
-1.74924
-1.14427
-1.05484
-0.152062
0.201404
-0.629932
-0.839464
0.845363
0.0936671
-1.45844
-0.762868
-0.410164
-0.792739
-1.18504
-0.753383
-0.45249
-1.1337
-0.295415
-1.81729
-1.17941
-2.026
-0.645528
-0.909709
-1.45013
-1.1455
-0.185763
-1.4233
0.397314
-1.04134
-1.74929
-1.18628
-1.67821
-1.04973
-1.31381
-0.916531
-0.371209
-1.74239
-2.08744
-1.61578
-1.39105
-1.35896
-0.783344
-1.10065
-0.895936
-0.225217
-0.828756
-2.07424
-1.03393
-0.693515
-0.413693
-1.0485
-0.127109
-0.637208
-1.09521
-0.774868
-0.545943
-1.32632
-0.95134
-0.782839
-0.989359
-0.833036
-0.281827
-1.26735
-0.826212
-0.831445
0.140641
-0.708146
-1.57134
0.461236
-0.486348
-0.256651
-1.10602
-2.08519
-0.470258
-0.478372
-0.330777
-0.594752
0.00277338
-0.49115
-0.447411
-1.34587
-0.939971
-0.786445
-1.02045
-2.37083
-1.05474
-0.961287
0.324727
-1.56073
-0.461426
-0.944754
-1.84882
-1.21658
-1.78675
-1.18203
-1.54985
-1.69151
-0.306931
-0.150314
-0.0287178
0.0261297
-1.36445
-1.45071
-1.12936
-0.819343
-0.577572
-0.871808
-0.482336
-0.119869
-1.46295
-0.701491
-0.733051
-0.913883
-1.1852
-1.08606
-0.604145
-0.535086
-2.64234
-1.05975
-0.812303
-0.86904
-0.90479
-0.914036
-0.667938
-1.40768
-1.47222
-2.28011
-0.360557
-2.3
-1.53193
-1.25023
-0.196443
-0.410999
-0.436278
0.135961
-0.641003
-1.6521
-0.831709
-1.6754
-0.775639
-0.65916
-0.182937
-0.446295
-1.89487
-0.745394
-0.762889
-0.763144
-0.645161
-1.30039
-0.643698
-1.27424
-0.0112596
-1.18639
-1.41631
-1.22587
-1.6195
-1.9729
-0.9251
-2.30455
-0.602842
-0.534982
-0.490103
-0.492555
-0.759253
-0.095712
-0.960067
-0.97167
-1.13381
-1.02551
-0.769055
-1.76095
-1.47374
-1.04275
-1.099
-0.626611
-1.27622
-0.712012
-1.74869
-1.56325
-1.29593
-0.681813
0.0487476
-0.32256
-0.0394733
-0.651361
-1.19131
-1.03874
-2.66366
-0.452996
-1.57886
-0.0739919
-0.567023
-1.24438
-1.69858
-0.61223
-1.4908
-1.37686
-0.791784
-0.974692
-0.807586
-1.63065
-0.961039
0.0350985
-1.07688
-0.522207
-0.981313
-0.969267
-0.736054
-1.16092
-0.493023
-0.842127
-1.25409
-1.38163
-0.578059
-1.66681
-1.003
-0.359419
-1.06786
-0.483355
-1.3187
-0.166723
-0.357519
-0.747611
-0.915583
-0.582388
-0.855296
-1.09776
-0.571875
-0.716194
-0.103802
-1.05625
-0.770721
-0.908624
-0.801198
-1.16761
-0.179451
-0.0314096
-0.974825
-0.787863
-1.01811
-0.636785
-0.360031
-0.404315
-0.275746
-0.838126
0.0101802
-0.655793
-1.2645
-0.503805
-0.579459
-1.21492
-0.751547
-0.866968
-1.40277
-1.35291
-0.91051
-0.627803
-0.743101
-0.448919
-0.683044
-1.35537
-1.82909
-1.72159
-0.659969
-1.3252
-1.02577
-0.62006
-0.505044
-1.04225
-0.392252
-0.914187
0.708749
-0.872228
-0.583312
-1.12146
-1.01706
-0.531051
0.00478754
-1.30393
-0.243807
-0.542852
-1.55182
-0.816705
-0.324192
-0.438588
-0.598603
-0.731844
-0.838801
0.421428
-1.02256
-0.806424
-1.21936
-0.216596
-0.384375
-0.0922261
-0.910279
-1.71483
-0.527251
-0.537511
-0.614449
-0.949082
-1.2614
-1.651
-1.49927
-1.01168
-0.808755
-0.617834
-1.16909
-0.94626
-0.72951
-0.967364
-1.67136
-0.815184
-0.438302
-0.878491
-0.876867
-1.60257
-1.43199
-1.04331
-0.322795
-0.929734
-0.795343
-0.874542
-1.094
-0.913698
-1.48746
-1.5551
-1.32471
-0.838631
-0.556813
-1.04683
-0.76757
-0.714117
-1.30759
-1.5661
0.0657021
-0.872943
-0.902745
-0.0637173
-0.238237
-0.757778
-0.875429
-1.1864
-1.7879
-1.47109
-1.47514
-1.26398
-2.01849
-1.66336
-0.229705
-0.121214
-0.790476
-1.08744
-1.57674
-2.73137
-0.410371
-0.814581
-1.09623
-1.24871
-1.55521
-0.689837
-0.943338
-0.78191
-0.753226
-0.160283
-0.771783
-1.06246
-1.1331
-0.36368
-0.858688
-0.699235
-0.110662
-1.54346
-0.604071
-0.900311
-0.069469
0.623928
0.23537
-0.819873
-0.313677
-1.18477
-0.478901
-0.0965275
-0.536785
-0.726712
-1.00896
-0.976647
-0.571383
-0.710672
-0.957935
-0.851348
-1.66105
-0.831958
-0.824337
-0.710858
-1.50745
-1.7643
-0.724305
-0.224482
-1.15761
-1.14785
-0.90875
-0.0751192
-1.14509
-0.708369
-0.968844
-1.16675
-0.568802
-1.25861
-1.20372
-1.06217
0.0784976
-0.660109
-0.525482
-1.14568
-0.657912
-0.788645
-0.58529
-0.770224
-0.624073
-1.75681
-2.03858
-0.782585
-0.696591
-1.81791
-0.15193
-1.50712
-0.771005
-0.47433
-0.240391
-0.0990113
-0.549842
-0.843129
-0.773885
-0.727308
-0.777145
-1.10054
-0.558045
-0.239163
-1.0925
0.288688
-1.4051
-0.388271
-0.869288
-1.69825
-1.04527
-0.563347
-0.378445
-1.07213
-0.709629
-0.212386
-1.38922
-0.753401
-1.1744
-1.08343
-0.162142
-0.555703
-0.481227
-0.747357
-0.659228
0.198297
-0.780111
-2.31708
-0.558557
-0.917679
-1.346
-1.78615
-1.44462
-0.616721
-1.26459
-1.57325
-1.55658
-1.0679
-0.657823
-0.998656
-1.27437
-1.00551
-0.977195
-1.37521
-0.973404
-0.808387
-0.388581
-1.87652
-1.13839
-1.26772
-0.869925
-0.707164
-0.622994
-0.675298
-0.420452
-0.783319
-0.30143
-1.43207
-0.9459
-1.22368
-0.490981
-0.96342
-0.900125
-0.707534
-0.338753
-0.711689
-1.28287
-0.989766
-0.123753
-0.389073
-0.445641
-1.28776
-0.0958016
-0.849368
-0.726816
-0.967724
-0.0653314
-1.022
-0.977804
-2.27971
-1.82539
-1.1773
-1.14437
-0.444352
-0.827251
-0.235716
-0.475455
-0.636785
-0.336737
-1.2217
-0.476122
-0.862625
-1.07106
-1.05399
-0.597229
-0.0975683
-1.13447
-1.42938
-0.0626416
-0.530578
-1.77646
-1.18433
0.179533
-0.174274
-0.72923
-0.765699
-0.712259
-1.09323
-0.100196
-1.54071
-1.18282
-0.825498
-1.23193
-0.472495
-0.676481
-0.654825
-1.32565
-1.48907
-1.10451
-0.873217
-0.662492
-1.22589
-2.28068
-1.13736
-1.16448
-0.548337
-0.392665
-1.21806
-0.897106
-1.29725
-1.36444
-0.718426
-1.00966
-0.997509
-1.53703
-0.831868
-0.499666
-2.84709
-1.45122
-1.50247
-0.651219
0.224586
-1.53559
-0.929529
-1.02831
-0.756346
-0.287895
-0.782672
-0.899816
-0.881091
-0.81922
-1.43472
-0.495094
-0.626881
-0.870287
-0.231311
-0.771231
-0.922491
-1.2117
-0.509998
-1.24216
0.171324
-0.427555
-0.86188
-1.36782
-0.603362
-1.25967
-0.768873
-0.905109
-0.488606
-0.697848
-0.775128
-1.31838
-0.712068
-0.498462
-1.95331
-0.361519
0.341838
-0.403694
-0.766796
-1.45706
-1.68635
-1.00607
-0.754987
-1.52406
-1.44581
-1.7786
-1.21997
-0.027474
-0.355649
-1.40783
-0.707892
-3.03797
-0.568085
-0.656779
-1.47055
-0.212863
0.139505
-0.843121
-1.01806
-0.70607
0.49695
-0.630746
-1.20048
-0.345245
-1.13509
-1.27649
-1.36864
-1.23724
-1.2028
-0.334219
-0.35626
-0.503117
-0.877486
-0.800272
-0.286169
-0.590497
-0.837731
-1.00729
-0.710219
-0.749098
0.126815
-0.705154
-0.544176
-0.0736733
-0.962897
-0.628047
-0.905615
-0.999059
-0.462426
-1.11732
-0.882525
-0.0188348
-1.52702
-0.0118391
-0.132735
-0.666017
-0.488422
-0.545879
-1.68624
-1.7096
-1.2911
-1.87586
-1.41131
-1.05108
-0.979543
-0.602875
-0.0978102
-1.28761
0.400598
-1.67349
-1.13186
-0.88825
-1.39561
-0.954922
-0.332216
-0.923986
-1.10749
-0.0547214
-0.353586
-0.593673
-1.14267
-0.573122
-1.21695
0.0189136
-0.677494
-0.847855
-0.203418
-0.75157
-1.21498
-0.981393
-0.900568
-1.81576
0.00772298
-0.941111
-0.633464
-0.264075
-1.43424
-0.769012
-1.23919
-1.30998
-2.32593
-0.655554
-0.710684
-1.12362
-0.426358
-0.950138
-1.09079
-1.04871
0.63832
-1.01044
-1.19418
-1.53177
-1.67974
-1.28487
-1.36287
-0.591672
-0.358005
-0.694822
-0.74124
-1.54704
-0.102789
-0.474614
-0.0436306
-0.996732
-0.878408
-0.172322
-0.428979
-0.922169
-1.20008
0.798985
-0.238059
-1.07037
-0.8083
-1.17007
-1.00982
-0.614197
-1.63607
-1.53561
-0.346644
-0.588851
-0.721346
-1.33933
-1.10812
-0.967396
-0.998838
-1.37906
-1.61729
-0.507226
-0.924924
-0.973016
0.158523
-0.247997
-0.722762
-1.40887
-1.32971
-1.06587
-0.691372
-1.36243
-0.668688
-1.33587
-0.126656
-1.06214
-0.941369
-2.03985
-0.521031
-0.149309
-0.383022
-1.29749
-0.419819
-0.861368
-0.496543
-1.30723
-1.51252
-0.847419
-0.403371
-0.734827
-0.543781
-0.704157
-0.34149
-2.06057
-1.04065
-1.03638
-0.196477
-0.912837
-0.427281
-0.31179
-1.41399
-0.760156
-1.62526
-0.162304
-1.13994
-0.505615
-0.953272
-1.01351
-1.87822
-0.065367
-0.327086
-0.510177
-0.59787
-0.355209
-0.57125
-1.40398
-0.299485
-1.23461
-0.55157
-0.449949
-0.192676
-0.961581
-1.25548
-0.705082
-0.707103
-0.743637
-1.3451
-0.142783
-0.246997
-0.703807
-0.967085
-0.524041
-0.543049
-0.578345
-0.823409
-0.528851
-1.08697
-1.66544
-1.15226
0.131558
-0.54314
-0.863948
-1.70448
-0.177608
-0.273488
-0.944701
-2.06937
-1.57213
-0.125087
-1.00214
-1.57249
-0.463437
-0.871529
-1.09794
-1.07164
-0.645436
-0.45579
-1.27066
-1.027
-0.883343
-1.01225
-1.70376
-0.461771
-0.59453
-0.136063
-0.100463
-0.491515
-0.525345
-0.555152
-0.426736
-0.808019
-1.77297
-1.17355
-0.672346
-0.975665
-0.760385
-0.951899
-0.431723
0.0401274
-0.800531
-1.0305
-1.99233
-1.33736
-1.50087
-1.16553
-0.200321
-0.138091
-0.948062
-1.2833
-0.924435
-0.943009
-0.0132559
-1.11761
-1.25874
-1.82356
-0.551041
-0.833167
-1.31904
-0.865582
-0.55948
-0.580549
-0.0614384
-0.692813
-2.28686
-1.98987
-2.37233
-0.804677
-0.762331
-0.987613
-2.32529
-1.06942
-1.38948
-2.02652
-1.0506
-1.72064
-1.68732
-1.50639
-1.34724
-1.3764
-1.26855
-1.42212
-1.4326
-1.50889
-0.641776
-1.23165
-1.46197
-1.61301
-1.41143
-0.854479
-1.41125
-1.39534
-1.30293
-2.53658
-2.17996
-1.98608
-1.40508
-2.30048
-2.02673
-0.989169
-1.65238
-1.48969
-1.1981
-1.0283
-1.54697
-1.82609
-1.42785
-2.16557
-1.93403
-1.51147
-1.77724
-0.919014
-0.300724
-1.38237
0.0751265
-1.04539
-1.61578
-1.55805
-1.29219
-2.00375
-1.64043
-1.20872
-1.61717
-1.6939
-1.85386
-2.13817
-1.12409
-1.65601
-2.31478
-1.06751
-1.71538
-1.52594
-1.25707
-2.13426
-1.9448
-1.19562
-1.34177
-0.58835
-1.606
-0.850652
-2.61941
-1.85967
-1.73708
-1.455
-1.71802
-1.5994
-2.2625
-1.45669
-0.635333
-1.32878
-1.86197
-1.01684
-0.149035
-1.34073
-1.65916
-2.31119
-1.74684
-2.18897
-0.950525
-2.25278
-1.88062
-1.885
-2.24946
-1.00057
-0.51806
-2.1115
-0.904428
-1.42913
-0.0482056
-0.911491
-1.12965
-1.07679
-2.05567
-2.11142
-1.30079
-1.23709
-1.51897
-1.67167
-1.11195
-2.09251
-0.869808
-1.12602
-0.969333
-1.47018
-1.60919
-1.01645
-1.33061
-1.08065
-1.83845
-0.866835
-1.60669
-1.47055
-1.58234
-1.03553
-0.928138
-0.749856
-1.07511
-1.24481
-2.13411
-0.384855
-1.15572
-1.20723
0.234755
-0.983947
-1.52719
-1.67916
-1.29405
-0.761137
-0.986749
-1.43161
-1.14937
-2.21262
-1.63384
-1.67109
-0.968733
-0.774515
-1.31582
-1.35083
-2.00917
-1.31096
-1.01469
-1.21028
-1.196
-0.62897
-0.831459
-1.05419
-0.965916
-1.90753
-0.417604
-1.20325
-1.04746
-2.14086
-1.8912
-1.45073
-1.32343
-1.71558
-1.14733
-1.87692
-1.13606
-1.90713
-2.41173
-1.10593
-0.870212
-1.32672
-1.40303
-1.16109
-1.71124
-0.780985
-1.19831
-1.107
-0.85973
-2.00411
-2.52451
-0.88785
-1.61593
-2.72318
-0.927036
-1.66499
-1.1022
-1.67718
-0.977694
-1.65911
-0.258537
-1.53942
-1.09459
-2.32009
-1.82716
-1.54818
-1.11319
-1.62468
-1.75988
-0.756553
-1.66753
-1.67234
-1.49356
-1.38963
-0.725667
-0.890294
-0.771557
-0.0958225
-0.7336
-1.54371
-1.80711
-2.04095
-1.73331
-1.82232
-1.31025
-1.65772
-1.90769
-1.36998
-1.92193
-0.965647
-2.07829
-0.352646
-1.64416
-2.58828
-0.473787
-0.967095
-0.911735
-1.07629
-0.65855
-1.10498
-1.4105
-1.49058
-1.31336
-1.07284
-1.38452
-1.73865
-1.81313
-1.78334
-1.56264
0.472591
-0.940773
-0.778757
-1.13545
-0.790622
-1.68868
-2.08643
-1.60643
-1.68312
-1.63999
-0.85689
-0.855996
-1.61464
-1.49151
-2.30274
-1.30902
-2.16736
-1.43967
-0.9474
-1.27103
-1.46981
-1.1495
-1.70474
-1.93925
-0.0795717
-1.29507
-1.97565
-1.6293
-1.82617
-0.813883
-2.18372
-2.60711
-0.919501
-0.834056
-2.11111
-1.06995
-1.55616
-2.68884
-1.77307
-1.64194
-1.06987
-1.12951
-0.939471
-1.60205
-1.55445
-1.44419
-0.89061
-1.2639
-1.59519
-1.81042
-1.91416
-1.84204
-0.924658
-1.07878
-1.29904
-0.351641
-1.59281
-2.04585
-1.24615
-1.14886
-1.1919
-2.32939
-1.78226
-0.688682
-2.12479
-1.9509
-1.38481
-1.95485
-1.44217
-0.766007
-1.41696
-0.976967
-1.7315
-1.21267
-1.63787
-1.20287
-1.31587
-0.745469
-2.04429
-1.88768
-1.1298
-1.07211
-1.62082
-1.33285
-1.28454
-1.37509
-1.33437
-0.380596
-1.30133
-1.26065
-1.9163
-0.808735
-1.8198
-0.969719
-1.14638
-2.64061
-0.267231
-1.51622
-2.01791
-0.62183
-2.14777
-1.01675
-1.38328
-1.67463
-1.28962
-0.949966
-1.25105
-2.03174
-1.36545
-2.18828
-1.92874
-1.2771
-2.25248
-1.33036
-0.106966
-1.80899
-2.3543
-1.33889
-2.64449
0.337361
-0.831027
-1.26013
-1.43228
-1.33745
-1.04241
-2.15948
-1.26234
-1.35315
-1.36935
-2.25655
-1.22456
-1.66299
-1.4992
-1.51423
-1.02138
-0.975674
-0.684546
-1.10111
-2.05217
-0.647365
-1.61951
-1.69476
-1.27334
-1.48813
-1.0752
-1.05227
-0.587605
-1.57377
-0.849796
-0.863236
-0.933717
-1.27903
-1.99059
-1.8572
-0.278608
-1.6101
-2.01033
-1.05495
-0.614853
-1.8442
-1.94155
-1.75445
-1.11756
-1.29063
-0.203467
-0.55129
-1.93799
-1.18192
-1.77999
-2.21559
-1.46823
-2.5318
-1.21374
-1.55595
-1.35097
-1.94489
-1.54087
-2.00333
-0.745355
-0.61619
-1.44536
-1.77713
-1.21833
-1.7232
-2.11436
-1.4458
-0.613002
-1.09489
-1.97266
-1.76672
-1.40437
-1.84622
-1.56362
-2.39653
-0.479337
-1.98015
-1.1984
-1.00554
-0.9634
-1.08992
-1.28074
-1.68446
-1.02756
-0.569576
-1.37839
-1.27892
-0.867161
-1.09572
-1.10481
-1.82422
-1.50286
-1.71828
-1.5777
-2.16687
-1.92079
-1.22733
-1.40347
-1.36899
-1.12824
-1.47481
-1.87906
-1.73598
-1.74671
-1.73555
-1.56032
-0.994631
-0.650838
-1.79237
-2.3307
-1.47265
-1.47103
-1.38265
-0.979262
-2.081
-0.670919
-1.84397
-1.03206
-0.961289
-1.00057
-2.05402
-1.42935
-0.922943
-1.3834
-1.09191
-1.95619
-1.53231
-0.852795
-0.991333
-2.15158
-1.74675
-1.24859
-0.382697
-1.67079
-1.36096
-1.11745
-0.799452
-1.28661
-0.887977
-0.938018
-1.6281
-1.68359
-2.05396
-2.03087
-1.57874
-0.5449
-0.874343
-0.914658
-2.11573
-1.36176
-1.93312
-1.75092
-0.850114
-1.51504
-1.09195
-1.95869
-1.35029
-1.77443
-1.81677
-1.21789
-1.76976
-1.45965
-1.5098
-1.93946
-1.96215
-1.2149
-1.21984
-1.38687
-1.00887
-1.90886
-2.23044
-2.12675
-2.2428
-1.70307
-1.14382
-2.03508
-1.63036
-1.95308
-1.38781
-1.1876
-1.76266
-1.59801
-0.742518
-1.21375
-1.62763
-1.83672
-1.74675
-1.33065
-1.94017
-2.24751
-1.64999
-1.27187
-1.66588
-0.550682
-1.30253
-1.87751
-0.667747
-1.41262
-2.02376
-1.35974
-1.60513
-0.784067
-0.48968
-1.69173
-0.59198
-2.15513
-1.30991
-2.24666
-1.94174
-0.333381
-1.44379
-1.32937
-1.44177
-1.07243
-1.50659
-1.87757
-1.87271
-1.80974
-2.1089
-0.524088
-1.20026
-2.11143
-1.52584
-1.32497
-1.40058
-1.75109
-0.870955
-1.47533
-1.50781
-0.961034
-1.35597
-1.32677
-1.11115
-0.919753
-0.503728
-2.00007
-1.72195
-1.77774
-1.07226
-1.90445
-1.35093
-1.14883
-1.63691
-1.77815
-1.71775
-1.12392
-1.25995
-0.723351
-1.27207
-0.775806
-1.78903
-1.23957
-1.12467
-1.13533
-2.10324
-1.03335
-1.62073
-0.521479
-1.31538
-1.19262
-1.29139
-1.58708
-1.87689
-1.20347
-2.14189
-1.80375
-1.81271
-1.62152
-1.83836
-0.525998
-1.33465
-1.88256
-1.3925
-1.54391
-0.968918
-1.58916
-1.52836
-1.93033
-1.33957
-1.59724
-1.60459
-0.189046
-1.27947
-1.22448
-1.85609
-1.86254
-1.58261
-1.30755
-0.998568
-1.72274
-1.53583
-1.45183
-1.17513
-2.19557
-1.17512
-1.3518
-1.46895
-1.95414
-1.46186
-1.77385
-1.33294
-1.3194
-1.07917
-0.814634
-1.68077
-1.85524
-0.785472
-2.63204
-0.802671
-1.79977
-1.65257
-1.11038
-1.52399
-2.16663
-1.1432
-1.29335
-1.5042
-2.45328
-1.14118
-1.707
-0.710176
-2.04135
-1.44452
-0.786858
-1.79545
-0.10338
-1.27545
-2.30663
-1.29526
-2.09642
-1.43668
-1.33741
-0.854155
-0.897208
-1.56992
-2.32386
-1.64378
-1.46886
-1.51343
-1.51191
-0.875234
-0.70671
-1.32095
-1.62225
-1.8643
-1.24355
-1.67558
-0.940438
-1.90603
-1.38309
-1.71169
-1.47589
-1.34528
-1.058
-1.41467
-1.83496
-1.33336
-0.254723
-1.45211
-1.39776
-2.41411
-1.27365
-0.847837
-1.69871
-1.92559
-1.77225
-1.17513
-1.43525
-1.86062
-1.37956
-2.11171
-1.81885
-1.28526
-0.838613
-1.31457
-1.01601
-1.87233
-0.738209
-1.97585
-1.34552
-1.15958
-2.06656
-0.46495
-0.67322
-1.18979
-1.40911
-0.827554
-0.511516
-1.18993
-2.06665
-1.31825
-1.1147
-2.54254
-1.45624
-1.36423
-1.76404
-1.49438
-1.36347
-1.67204
-1.83677
-1.16883
-1.23421
0.0813554
-0.993305
-1.48792
-1.17199
-1.79092
-1.52453
-1.1344
-1.42539
-1.69243
-1.53882
-1.61466
-1.2511
-1.41952
-1.99294
-1.68142
-1.18928
-1.35155
-1.48358
-1.10376
-1.87211
-1.91169
-2.15884
-1.28179
-0.922454
-1.17308
-1.01599
-0.90693
-1.99551
-0.880589
-0.192963
-1.47195
-1.11871
-1.94414
-1.39996
-1.78882
-1.81032
-0.767929
-1.02738
-1.20146
-1.47074
-1.21831
-1.64613
-2.12692
-1.84523
-1.39176
-1.46446
-1.24834
-1.42529
-1.01102
-1.16479
-1.18953
-1.31283
-0.973638
-1.70988
-0.961719
-2.12679
-0.28106
-1.76616
-2.27225
-1.62418
-2.07381
-1.12637
-1.50884
-1.16485
-1.55001
-1.46692
-0.890738
-1.23737
-1.17904
-1.31093
-1.40955
-1.67827
-1.51733
-1.13246
-0.906747
-0.305543
-1.95934
-1.29228
-1.57913
-2.30686
-1.21114
-1.053
-2.72095
-1.12428
-1.6458
-0.786685
-1.35565
-0.953697
-1.08808
-1.30541
-1.42636
-1.28671
-1.40879
-0.682279
-1.57099
-0.436945
-0.868392
-1.15462
-0.65876
-1.52234
-1.53398
-2.40656
-1.2755
-1.51128
-1.76714
-0.669874
-1.11013
-2.04882
-1.73495
-0.962249
-1.133
-1.4573
-1.26295
-1.90264
-1.47885
-2.06
-0.971299
-1.52937
-1.26497
-1.89163
-1.17379
-0.831765
-1.63364
-1.28138
-1.94149
-0.877696
-1.24945
-1.12378
-1.64559
-0.992375
-2.09411
-0.986562
-0.971045
-1.63451
-1.18844
-1.82542
-1.88186
-1.82307
-0.482515
-2.03702
-2.32476
-2.08945
-0.35427
-1.14071
-1.42926
-0.249142
-0.925422
-1.24784
-0.31533
-1.87533
-1.55555
-1.48623
-0.807
-1.52137
-0.608101
-0.729751
-0.611725
-1.19745
-0.725783
-1.42606
-0.931645
-1.72755
-1.05755
-1.30678
-1.2976
0.630299
-0.155294
-0.598813
-1.41867
-1.43834
-1.65798
-1.42022
-1.5918
-0.890031
-0.906744
-0.924572
-0.902189
-0.915414
-0.126706
-1.19309
-1.36288
-1.10386
-0.743094
-1.2345
-1.51116
-1.43773
-1.01513
-0.89574
-1.13946
-0.734273
-1.47359
-0.187364
0.432192
-0.241187
-1.41477
-1.16479
-0.468471
-0.394354
-1.3781
-0.855486
-0.768257
-0.890453
-1.94402
-1.60712
-1.73224
-2.03654
-1.217
-0.782048
-1.29246
-1.20792
-0.515313
-0.276956
-0.490118
-1.12818
-1.17817
-0.430749
-0.863686
-0.494838
-0.171123
-1.36184
-1.22832
-1.14622
0.275797
-0.0756282
-1.3854
-1.10718
-1.27329
-0.600135
-1.19921
-1.3051
-1.7718
-1.99285
-0.428659
-1.4804
-1.49074
-0.853373
-0.249473
-0.524762
-1.80316
-0.119871
-0.984052
-0.761061
-0.680038
-0.66948
-0.821201
-1.52942
-1.03051
-0.666599
-0.606077
-1.92262
-0.711552
-0.934313
-0.611248
-1.40599
-0.9703
-1.3683
-1.46703
-0.889671
0.220946
-0.956242
-0.646464
-1.18354
-0.836931
-1.63099
-0.715539
-0.987117
-1.41879
-0.653311
-1.11323
-1.51931
-0.899096
-1.62404
-1.15336
-1.34595
-1.87045
-0.25767
-1.76767
-0.790755
-1.57813
-1.24373
-1.04773
-1.53857
-1.74517
-0.596032
-1.14172
-1.59666
-1.36316
-1.1281
-1.28648
-1.2582
-0.915649
-0.916618
-0.574007
-1.17096
-1.06823
-0.540311
-0.00907193
-1.13036
-0.87463
-1.0886
-1.3758
-0.460819
-1.03816
-1.51626
0.271694
-0.768574
-1.40719
-1.3455
-0.668067
-1.57189
-1.57906
-0.660248
-0.913886
-1.31269
-1.08732
-1.44243
-0.147791
-1.0649
-1.90385
-0.988422
-1.43781
0.0721688
-0.746417
-1.14904
-0.910507
-0.832717
-0.68448
-0.915433
-1.48541
-0.477102
-1.03409
-1.10983
-0.673272
-0.658089
-0.364015
-1.28673
-0.39851
-0.622345
-0.901842
-1.44174
-0.224705
-0.840467
-0.840666
-0.622598
-1.81183
-0.867748
-1.77668
0.132743
-1.40414
-0.833919
-0.80504
-0.798968
-1.70028
-0.638949
-0.810192
-0.327124
-1.28709
-0.83319
-0.589249
-2.17467
-0.606385
-1.28473
-0.939297
-1.09806
-1.27649
-1.23696
-0.67843
-0.960585
-1.7092
-0.441913
-0.910313
-1.06401
-0.885792
-0.539301
-1.65821
-1.04038
-0.899098
-1.22102
-1.458
-0.820201
-0.519802
-1.17141
-0.601413
-1.19423
-1.62163
-0.677097
-0.868665
-1.628
-0.903379
-0.595995
-1.18299
-1.39342
-1.43454
-0.294403
-1.34763
-0.145116
-0.804082
-0.732959
-0.367046
-0.236302
-1.0868
-1.44983
-0.838789
-1.28304
-1.63441
-1.07692
-1.09101
-0.16476
-0.838509
-1.67321
-0.638204
-1.01486
-0.945391
-0.647496
-0.387543
-0.889287
-0.731685
-0.706096
-0.999548
-0.268524
-0.863852
-1.26072
-1.36637
-1.4739
-1.33063
-1.79156
0.486321
-0.647965
-1.22762
-1.17948
-1.66821
-1.14066
-1.83165
-0.659872
0.309035
-0.595425
-1.4818
-0.801216
0.0316754
-1.2203
-0.739883
-1.02925
-1.0241
-0.324438
-1.65407
-1.17109
-1.43851
-0.661061
-0.848572
-1.08306
-1.05557
-1.26173
-1.04142
-1.12592
-1.79542
-1.26574
-0.595823
-1.07382
-0.375308
-0.213591
-1.7251
-1.04414
-1.00525
-1.08695
-0.890978
-0.24795
-1.26782
-0.344666
-1.46138
-1.18779
-0.803445
-1.04943
-0.756595
-0.129453
-1.65036
-1.01545
-1.09837
-0.727606
-0.855296
-0.576196
-0.436605
-0.726287
-0.211444
-1.12666
-1.24352
-0.820054
-1.12665
-0.536644
-2.41175
-0.605443
-0.687512
-1.11034
-0.827713
-1.35653
-1.25601
-1.18381
-1.03641
-0.990097
-1.61436
-1.35584
-0.480085
-0.915956
-1.00686
-0.79366
-0.297848
-1.37811
-0.642074
0.293233
-0.876799
-1.58454
-1.4837
-1.57419
-1.45733
-1.40485
-0.529009
-1.7429
-1.5778
-1.2977
-0.436159
-0.471212
-0.398834
-0.922458
-1.9564
-0.923443
-1.17587
-0.787211
-1.57611
-1.70923
-1.51267
-1.2958
-0.682356
-1.06765
-1.38316
-0.427045
-1.41236
-0.95328
-0.791063
-0.690147
-0.436004
-0.899801
-0.7324
-1.45618
-1.01177
-0.415358
-0.809329
0.110507
-0.929198
-0.753348
-1.7286
-1.68529
-1.10225
-1.36452
-0.72504
-0.266361
-1.35262
-1.18193
-1.34539
-0.902081
-1.33011
-1.4916
-0.921396
0.219102
0.00666884
-0.909994
-0.954063
-0.735526
-0.485514
-1.0075
-0.796002
-1.10964
-1.19412
-0.858571
-0.48721
-0.85113
-0.204029
-1.20695
-1.4061
-0.439995
-0.625819
-1.50456
-1.71191
-0.253575
-0.811643
-1.31378
-1.04435
-1.30844
-1.76844
-0.907934
-1.04453
-1.12541
-1.60581
-0.157873
-0.771502
-0.429956
-0.926984
-1.38928
-0.801008
-0.41435
-1.6784
-0.897605
-1.24527
-1.30055
-1.92064
-0.701534
-1.24511
-1.25263
-0.91047
-1.33317
-1.74123
-1.29487
-1.65254
-1.51789
-1.34299
-0.548526
-0.425114
-0.426216
-1.25181
-1.22205
-0.580879
-1.18386
-0.0872472
-1.24166
-1.6404
-0.62617
-1.11306
-0.766709
-1.90495
-1.79127
-1.70073
-0.612162
-0.408096
-0.664713
-0.976551
-1.32275
-1.54799
-0.871044
-0.586149
-1.11332
-0.314431
-1.40064
-1.13566
-0.638314
-1.433
-1.44681
-1.36883
-0.94414
-0.775042
-0.590204
-1.48576
-1.20744
-1.08352
-1.35163
-1.19184
-1.06053
-1.25755
-1.79772
-0.880908
-1.02628
-0.648866
-0.321162
-1.32138
-1.31406
-1.34551
-0.681911
-0.887249
-0.906782
-0.989115
-1.28667
-1.87312
-1.43149
-0.7816
-0.804433
-0.861947
-0.360798
-0.220239
-0.94691
-0.441423
-0.867113
-0.6044
-1.19967
-1.42706
-0.93857
-0.91656
-1.60509
-0.518849
-1.33076
-0.926844
-1.60242
-1.66358
-1.27091
-0.701195
-1.03152
-1.17472
-1.57221
-0.853132
-0.607024
0.167282
-0.505319
-1.18354
-0.930192
-1.53627
-1.37025
-1.92003
-0.716293
-1.8497
-0.579109
-1.3978
-0.995619
-0.863193
-0.966271
-0.918656
-1.59523
-0.905148
-0.824086
-1.16058
-1.31474
-0.754014
-2.00737
-1.03676
-1.00246
-0.657557
-1.62413
-0.912983
-0.403174
-0.414516
-1.01028
-1.63084
-1.33612
-1.20135
-0.703338
-0.279339
-2.16223
-1.17525
-0.829375
-1.19164
-0.851417
-1.9246
-0.600577
-2.5414
-1.48351
-0.175614
-0.828065
-1.41377
-0.966272
-0.49487
-1.16471
-1.24194
-0.0811709
-0.0418788
-0.227038
-1.73147
-1.4156
-1.89292
-1.17513
-1.53921
-0.819413
0.164986
-0.222998
-1.65638
-0.811485
-1.20521
-1.24027
-1.40324
-1.31223
-1.52962
-0.635595
-1.34928
-1.7893
-0.526341
-1.94354
-0.687664
-1.33345
-0.986072
-1.43353
-0.3403
-0.828624
-0.892533
-0.224579
-0.387772
-1.56183
-0.445423
-0.921031
-1.2732
-0.885738
-1.5351
-1.16733
-0.566957
-1.30084
-1.39536
-1.76088
-1.65436
-1.05651
-0.801612
-0.44326
-1.28598
-0.94278
-0.8246
-1.03875
-1.75359
-1.07419
-0.818304
-0.749631
-0.959541
-1.06457
-1.35427
-1.4111
-1.2975
-1.68529
-0.799294
-1.33046
-0.951423
-1.02416
-1.17917
-1.20671
-0.768985
-1.70198
-2.34302
-1.26398
-0.987503
0.347666
-1.55454
-0.606824
-0.959029
-1.85498
-0.387718
-0.667837
-0.846527
-1.13842
-2.05493
-1.3755
-1.36131
-1.34226
-0.911109
-1.26381
-0.935947
-1.78621
-1.11971
-0.454815
-0.91052
-0.871121
-0.209046
-1.34354
-1.13583
-1.71205
-0.382695
-1.03645
-0.482206
-1.05084
-1.80486
-1.34827
-0.744294
-0.345113
-0.530006
-1.08197
-0.861842
-0.337529
-1.25864
-0.236145
-1.76677
-2.07721
-1.09555
-1.3729
-1.17069
-1.87976
-1.46421
-1.09634
-0.443989
-0.988422
-0.994368
-0.866702
-0.901219
-0.970166
-0.809595
-1.47987
-0.891502
-0.740191
-1.04755
-1.42335
-0.782567
-0.798843
-1.23315
0.192076
-0.616358
-1.23249
-1.31525
-1.25631
-0.757453
-0.793656
-1.14719
-0.822216
-0.858741
-0.699638
-2.21094
-0.822577
-0.348403
-0.710979
-0.663847
-0.652173
-0.726163
-1.34181
-1.41744
-0.881957
-0.84823
-0.507779
-1.36978
-1.15823
-0.856909
-1.23777
-1.21385
-0.889899
-1.03764
-1.52786
-1.55153
-1.32055
-1.22684
-1.64063
-1.01188
-1.30857
-0.371492
-0.893902
-0.0272461
-0.508251
-0.889449
-0.608477
-0.867881
0.525392
-0.969671
-0.738068
-1.00751
-0.543226
-0.737662
-0.0307028
-1.20636
-1.19861
-0.772629
-1.46519
0.104226
-1.38188
-1.33979
-0.585792
-1.25982
0.101538
-0.933401
-1.13245
-1.68359
-0.868321
-0.594749
-0.507977
-0.871544
-0.967757
-0.244743
-0.22673
-1.23889
-0.840578
-1.86786
-1.14543
-1.35553
-1.02106
-1.95992
-1.1088
-1.24443
-0.7255
-0.727085
-0.654026
-2.00159
-0.0801172
-0.456868
-1.21355
-1.81173
-1.34732
-1.08037
-0.722162
-1.69932
-1.49239
-1.22795
-0.663414
-0.9327
-1.29379
-0.70235
-1.04155
-1.07489
-1.55792
0.265235
-1.11963
-0.521503
-1.75565
-1.74886
-1.13153
-1.5406
-1.5335
-1.02785
-1.19282
-1.75526
-1.09594
-1.15658
-1.39667
-0.944552
-0.84236
-0.394882
-1.55056
-0.523812
-1.37401
-0.888413
-0.299293
-1.04312
-1.52169
-1.19393
-1.1326
-1.33213
0.228694
-0.924338
-1.32303
-0.728214
-1.67719
-1.43247
-1.17066
-1.2508
-0.919773
-1.51913
-0.99897
-0.492347
-0.777611
-1.58825
-0.242188
-1.07396
-1.34144
-1.72914
-0.52796
-1.62591
-0.903541
-0.70985
-1.02562
-0.578465
-1.25997
-0.409442
-1.22845
-0.977621
-0.753
-0.044076
-0.694628
-0.981595
-1.03521
-0.966841
-0.645624
0.00970197
-0.271333
-0.899714
-0.987752
-1.44161
-1.20196
-0.823227
-0.163708
-1.19772
-1.82987
-1.38083
-0.503455
-0.292357
