-2.13791
-0.764886
-1.54459
-1.17985
-2.04912
-1.78011
-1.59906
-2.60199
-2.5563
-1.41361
-2.54965
-0.975872
-1.57538
-1.99634
-1.46889
-1.24518
-0.00317803
1.39043
-2.09377
-2.1438
-2.1292
-0.49937
-1.4145
-0.814465
-1.27519
-1.10649
-2.46036
-1.32672
-2.27317
-2.97197
-1.21448
-1.57272
-2.48573
-1.86805
-2.08452
-1.46291
-0.613507
0.559011
-2.14332
-1.3327
-0.964488
-1.18212
-1.8963
-1.58485
-1.90843
-0.0926854
-2.21553
-2.41678
-2.13697
-2.19417
-1.30562
0.102378
-1.44468
-1.45557
0.314302
-1.86866
0.123956
-1.65265
-1.10463
-0.681976
-2.21316
-1.07303
-0.788109
-1.44028
-2.08539
-0.953857
-1.70263
-1.42446
0.713774
-0.0715363
-0.767637
-1.28754
-0.319694
-0.0214859
-1.99439
-1.65082
-0.599092
0.526573
-1.51268
-0.0740285
0.46717
0.778914
0.540343
-1.43445
1.42598
1.25449
0.438
-0.825916
0.775268
0.631237
-1.19532
0.303408
0.626479
1.30261
1.28658
0.267459
1.12479
-0.376099
0.282465
1.41934
0.862098
0.475268
-0.498711
0.0954013
0.297304
-1.17049
0.652128
1.26968
0.35018
1.32709
0.227294
1.01145
-1.03131
-0.355739
0.685861
-0.0548118
-2.08462
-0.0564471
-1.68728
0.735504
