0.997807
0.734766
0.897897
0.35035
0.456826
0.236141
0.919388
1.4989
-0.292026
-0.00980737
0.367271
1.35455
0.526557
0.130744
0.0805872
0.0690762
0.269122
0.811629
-0.0800812
0.480467
0.555106
-0.0423735
0.849415
-0.631809
-0.0452238
1.56268
0.284953
-0.471375
-0.268286
0.79362
1.66286
-0.436675
0.594904
0.745945
0.960906
0.414875
0.605975
0.449283
0.785429
-0.959269
0.334856
0.848231
0.469326
-0.389042
-0.566336
0.277374
0.381242
0.700266
-0.383793
0.784695
0.719271
-0.857797
0.187425
0.80514
-0.245874
0.54621
0.596931
-0.501812
0.832752
0.261147
0.394398
-0.369601
0.469228
0.157059
-0.245289
0.66249
0.362609
0.635553
-0.0938825
0.612287
0.00492322
-0.0807713
-0.59105
-0.0575793
0.517858
-0.072793
0.673481
0.877117
-0.307379
1.43038
0.895178
0.375027
0.395477
0.926648
0.0166026
0.284238
-0.148493
0.409244
0.931069
1.03117
0.424702
-0.461705
0.148511
1.36649
1.3889
0.688754
0.338737
0.706232
-0.0958032
0.66373
0.0697636
0.820834
0.116801
-0.418874
-0.475169
0.445711
0.501291
0.0131036
0.818213
-0.537575
-0.534769
0.614145
-0.0647174
0.470206
0.752175
-0.522215
-0.00854327
-0.826255
1.10136
-0.0875867
-0.596069
1.86303
1.33398
-0.491133
0.386266
0.66931
0.0196086
0.512847
-0.193499
-0.238696
0.997804
-0.17453
0.313616
1.70734
-0.167618
0.884173
-0.352875
0.445645
0.892022
-0.514881
-0.378068
0.252497
0.647894
-0.177363
0.261063
-1.54905
-0.0725526
1.15853
0.133666
-0.142032
0.0282665
1.49139
0.23105
1.47492
-0.482949
1.16476
1.07307
0.192895
0.144699
-0.35159
-0.125536
0.0588766
-0.251999
-0.0294541
0.268621
0.652884
0.685371
0.971979
1.02017
0.521902
0.103937
0.774937
-0.26567
0.101006
0.77509
0.0936831
0.113647
1.3944
0.620887
-0.0588063
0.238314
0.111641
0.552837
-1.25077
0.788621
1.68077
0.665645
0.873518
0.549824
0.729026
0.222035
-0.0670159
0.52963
1.49281
0.263875
0.833257
-0.347802
0.771722
0.639529
0.22038
1.14822
1.46099
0.972479
0.159731
0.275605
0.432031
0.309462
0.744308
0.128612
0.817368
0.42076
0.279724
1.00379
0.101525
-0.147517
1.19752
1.85025
0.707684
1.03329
0.446733
-0.821997
-0.0949943
-0.0954782
-0.0272134
0.153855
1.04892
0.468026
0.311671
0.971001
1.38584
0.675818
0.00882396
-0.326899
0.0804962
0.459186
0.25343
0.0322725
-0.0587382
0.693118
-0.144394
0.0725815
-0.283597
0.509028
-0.733393
-0.210223
0.322846
-0.180471
0.450234
-0.00197222
0.6977
0.322666
0.753792
0.503418
0.516557
0.992924
0.586065
-0.239741
0.279301
0.0435031
0.322517
1.02012
0.756364
-0.660236
-1.08158
0.243021
1.21015
-0.205576
0.746317
-0.771598
0.773568
-0.152944
1.00163
1.13964
0.847302
1.01028
0.200091
0.899105
0.428715
0.424818
-0.521191
-0.741966
0.811393
-0.350716
1.0637
-0.660744
1.30939
0.0744692
-0.0164247
-0.198887
0.223194
0.075191
0.823861
-0.899058
1.33977
0.562011
1.06134
0.0393428
0.784903
0.340586
0.0428129
0.0349439
0.00581147
1.04373
2.01624
0.347042
1.41544
1.34488
-0.0623251
0.572319
0.731546
0.45248
0.600814
0.69404
-0.777749
-0.0486182
-0.150687
0.49538
-0.586341
-0.0381296
0.610052
-1.37295
-0.439707
0.361019
-0.255791
-0.237203
-0.139484
0.527289
0.477722
0.932303
0.72927
1.05132
0.988067
0.498028
0.361884
-0.314263
-0.214841
-0.565058
0.204669
-0.259819
0.865586
0.616559
0.803133
0.0681575
0.517503
-0.370926
0.431787
0.929778
-0.681305
0.310816
0.589358
0.757219
0.564225
0.778528
0.688118
0.620335
1.24671
0.0957078
0.480147
-0.119484
0.578713
0.488663
0.622257
-1.16603
0.607689
1.07543
0.100336
-0.395033
-0.372453
0.755849
0.870782
-0.328838
-0.758727
1.5304
0.185635
-0.0091008
0.430428
0.677286
-0.222699
0.245263
0.710793
1.23745
0.385752
0.392058
0.96949
0.15285
0.316452
0.275464
0.444846
0.713061
0.411835
-0.599035
0.744429
-0.080945
0.335348
0.0938498
-0.650721
0.125924
0.218993
0.959373
0.55984
0.341091
0.504357
0.679004
-0.0805942
0.448647
-0.0691997
-0.179231
0.882279
0.82885
0.380076
0.575385
-0.00261134
0.360887
-1.09702
-0.0318313
0.160213
-0.809018
0.42921
-0.158593
0.973422
0.292094
-0.527902
1.29278
-0.0799194
-0.00186828
0.313859
-0.839528
-1.37424
1.28953
0.23688
0.634664
0.770561
1.17985
1.00859
0.559974
0.24986
0.755808
0.263676
0.545841
0.107392
0.105669
0.506099
0.0559357
0.799965
-0.323348
0.635986
1.18941
-0.205067
-0.969917
1.00968
-0.203892
0.347654
-0.257081
0.244584
-0.0833191
0.850476
0.601609
0.968939
0.75658
-0.00271675
0.426768
0.685473
0.550706
0.951477
0.74826
0.200208
0.0268205
-0.0825507
-0.228765
0.4783
0.333518
-0.614668
0.964643
0.582934
-0.00593066
0.575498
-0.214713
0.539016
0.683134
0.113813
-0.116423
-0.304037
0.755822
0.66123
-0.503887
0.576363
-0.493576
0.609229
0.297908
0.898287
1.15262
0.999773
1.44137
-0.210615
0.0582505
0.50687
-0.752828
1.31245
-0.195213
0.463085
1.26794
0.651116
0.230112
0.744689
0.602533
0.304754
0.503466
-0.679829
-0.137525
0.799616
0.943841
0.473153
-0.485454
1.23106
0.37899
0.233602
1.11188
-0.350002
-0.879227
0.304702
0.431356
-0.415788
1.08152
-0.192368
0.00914686
0.328111
0.552143
1.0609
0.552496
0.449001
1.12211
0.423049
1.07304
1.14819
-0.175829
0.581659
0.583665
-1.45194
0.00361159
0.465337
-0.056758
-0.784187
0.842407
0.877842
1.01383
0.143905
-0.325265
-0.386439
0.537984
0.198019
0.0451996
-0.723417
0.67303
-0.286918
0.883665
0.408691
-0.427753
1.2713
0.5445
0.262069
1.39314
0.378862
0.463311
1.82949
-0.0771981
1.06628
0.256362
0.985698
0.70908
0.0734422
0.335831
-0.99656
-0.537754
1.03827
0.859041
1.59174
1.03579
-0.385997
-1.90257
0.213133
0.430605
0.696319
0.975447
0.401092
0.380374
0.31335
-0.30453
0.787912
0.735737
0.871452
0.314085
1.46424
1.01023
0.568024
-0.630156
-0.262636
0.174571
0.487159
0.41958
-0.140709
-0.115753
0.891392
-0.215081
0.810782
0.236974
-0.310494
0.142135
0.376947
0.243285
0.022522
-0.159084
-0.887237
-1.00882
0.904226
-0.730821
-0.0141038
0.55358
-1.31151
0.0971957
0.569376
0.958699
1.5218
0.026155
-0.639573
0.440883
0.361537
-0.243916
-0.085221
0.0117467
1.2718
1.37703
0.0272441
-0.477314
0.70514
0.906136
0.835775
-0.947271
0.954599
0.222005
0.880402
0.4411
-0.16439
-0.0396258
-1.06718
0.645672
1.2889
0.459576
0.793213
0.380482
0.236166
0.942098
-0.180712
1.5088
0.128973
0.363852
-0.016158
0.461232
0.355711
-0.782025
0.365594
0.616938
0.030538
1.04381
0.398205
-0.866134
-0.511988
0.0718965
1.03778
0.842013
0.746132
0.745962
1.14809
-0.114022
0.249166
0.19299
1.13996
0.457836
0.12103
0.167953
0.0957027
0.772899
0.0678122
0.392066
-0.334037
0.472628
0.350085
0.00747989
-0.0490701
0.890762
0.980259
0.0898318
0.574729
0.187755
0.91015
0.304811
0.331806
-0.738715
0.309436
1.26943
-1.11088
0.238791
0.0879059
0.285983
0.586885
0.978469
-0.588075
0.0719028
0.592228
0.433351
0.272261
0.0761796
1.01567
1.04515
0.328533
0.202311
0.818592
0.588492
0.111655
0.779033
0.238791
0.896603
0.566429
0.393634
0.622873
0.237133
0.312319
1.03169
0.618611
0.152925
1.24431
1.17739
1.7112
0.250062
0.931997
-0.620883
0.829664
0.719868
-0.0449698
0.389604
0.0911627
-0.152682
0.97389
0.808914
0.713061
0.19599
0.215214
0.170005
-0.617149
0.327366
1.06544
0.0416172
-0.857856
0.0222137
-0.207037
0.0907109
0.0344522
-0.192048
-0.77906
-0.713562
0.512116
0.838164
-0.314917
0.670287
0.827658
-0.00252821
1.86492
1.13687
0.644931
-0.201938
-0.265723
0.987706
-0.0326249
0.326303
-0.0649017
-0.544794
0.441588
-1.0772
1.35876
0.0987541
0.403456
-0.229475
-0.844476
-0.750416
-0.356041
0.578296
0.559039
0.619555
-1.41165
0.479111
0.512069
-0.259599
0.140997
-0.304952
0.88238
0.165196
0.470064
0.35443
0.23027
0.390679
0.475102
0.218824
0.524278
0.304621
-0.0202445
0.361839
0.515675
0.498613
0.297851
-1.33801
0.88441
-0.0603476
0.422202
-0.76103
0.534983
-0.857759
0.145931
0.776734
0.425724
1.14536
0.0607571
1.35003
0.732354
0.516561
0.292143
0.19358
0.0964594
0.278293
0.247974
0.960753
0.0509623
0.262576
0.769316
0.588595
0.486804
-0.492676
-0.0405802
0.915516
-0.630387
0.852049
0.126103
0.500613
-0.573445
0.211821
0.572314
-0.21074
-0.139699
0.785533
-0.692566
0.898946
-0.255221
0.509934
0.601669
0.301039
0.0481161
-0.281479
0.323803
-0.159594
0.351
0.38025
-0.659902
0.0354471
-0.352379
-0.383155
0.814023
-0.117855
-0.243284
-0.0367701
0.131889
0.490024
0.654107
0.5072
0.905489
-0.731579
0.85513
0.15912
-0.202192
0.182635
-0.241413
0.431926
-0.400953
0.908067
-0.716259
-0.0315902
0.682226
0.469599
-0.411949
-0.475785
0.27204
0.607719
1.10958
0.995296
0.980692
0.55814
1.28822
0.00354064
0.0796071
0.599723
-0.0601103
0.948109
0.157655
0.657817
-0.642471
-0.11268
0.581428
0.133279
0.4075
-0.206384
-0.159791
0.775314
0.69703
0.726298
0.0585503
-0.199402
