-0.495981
-1.55706
-1.25781
-2.11721
-1.27041
-1.44947
-0.951606
-0.961965
-0.568208
-0.490584
-1.65492
-0.436857
-1.77269
-1.55817
-0.390153
-1.54191
-0.687477
-2.01516
-2.30903
-1.05838
-1.24955
-0.605271
-0.446173
-1.6477
-0.670867
-0.751405
0.282048
0.0490355
-1.42118
-0.354656
-0.518207
-0.738128
-0.830751
-1.12761
-0.67301
-1.05769
-2.13795
-0.836015
-1.98771
-2.68427
-0.508791
-0.209561
-0.989363
-1.79744
-0.18125
-0.650211
-0.991086
-0.134867
-0.886405
-0.657759
-1.30079
-0.756358
-0.600921
-0.471056
-0.103204
-1.83828
-1.0807
-0.824229
-2.09661
-1.72588
-1.10079
-0.516974
-0.0139387
-0.8354
-0.58792
-0.423501
-1.11269
-0.954685
-0.714131
-0.546956
-1.32445
-1.28469
-1.67165
-0.20214
-0.484636
-1.38633
-1.12087
-0.542857
-1.94772
-2.45817
-0.775817
-0.811434
0.350099
-0.150799
-1.52098
-0.478332
0.371373
-1.16644
-1.249
-1.45881
-1.95577
-0.615441
-1.26045
-0.862153
-0.961636
0.00962853
-1.1181
-0.559655
-0.267252
-1.26781
-1.31382
-0.0352609
-1.73582
-1.59438
-0.871047
-0.428746
-0.733383
-1.16776
-0.953693
-1.00953
-1.32344
-1.05849
-0.483341
-1.06059
-1.09639
-1.61965
-0.746399
-1.12465
-1.1085
-1.45391
-1.13279
-1.91688
-2.27126
-1.97514
0.641556
-1.18546
-1.18092
-0.0994413
0.40301
-1.44189
-0.011119
-1.32942
-0.508362
-0.596171
-0.3663
-1.32404
-1.69681
-0.588385
-0.075385
-1.22554
-1.35073
-1.43742
-1.24382
-0.448758
-0.590971
-0.26966
-1.11083
-1.17293
-0.919608
-1.80985
-1.18496
0.219281
-0.37853
-0.409284
-0.863025
-0.449647
-1.16697
-0.288029
-0.756893
-0.961033
-0.707709
-0.669513
-1.12925
-0.755748
-1.51784
-0.374841
-1.08969
-1.37589
-1.15854
-0.902281
-1.03856
-1.04195
-0.700404
-1.08374
-0.697128
-1.45835
-0.238008
-0.204766
-0.319634
-0.251099
0.0737986
-1.52072
-0.988772
-2.03257
-1.3025
0.0172314
-0.709763
-1.49606
-0.99169
-1.44441
-1.1127
-0.99261
-0.333324
-0.93444
-0.683634
-0.583315
-1.41679
-1.41142
-2.42683
-0.801907
-1.54179
-1.41458
-0.75715
-1.23153
-0.464335
-0.834707
-0.366289
-1.70328
-1.45765
-0.563129
-0.9155
-1.77898
-1.30357
-1.83209
-1.25866
-0.77343
-1.0875
0.324153
-0.428921
-0.658784
-0.549042
-0.866682
0.349842
-1.0724
-1.31846
-0.711699
-1.10584
-0.0886941
-0.0658196
-1.27656
-0.902414
-0.514041
-1.26645
-1.15629
-0.291943
-1.20781
-0.775535
-1.60702
-0.172339
-1.20996
0.393674
-0.610938
-0.856361
-0.517576
-0.674747
-0.751888
-0.624163
-1.47555
-0.538379
-1.22733
-1.01671
-0.665179
-1.2353
-0.855153
-1.22129
-2.02278
-1.54941
-1.05163
-0.199957
-0.597578
-1.9381
-0.548751
-1.7502
-0.480986
-1.37262
-1.23825
-0.885031
-0.576636
-0.770378
-1.10054
-1.46203
-1.28398
-0.561167
-1.09178
-1.00408
-1.3395
-0.240181
-0.897148
-1.5179
-1.25807
-1.50353
-0.617821
-1.1306
1.43759
-0.231662
-1.03173
-1.19344
-0.66905
-1.78915
-1.51664
-1.29287
-1.42657
-1.31286
-1.78302
-0.789904
-0.324815
-0.40541
-0.546288
-0.689923
-1.19685
0.108353
-0.676218
0.0501436
-1.97898
-0.82471
-0.759873
-1.89423
-2.06409
-0.812798
0.375564
-0.677365
-1.1401
-1.21571
-1.9182
-0.449144
-1.24163
-0.827161
-1.3292
-0.978757
-1.29581
-1.25363
0.0776349
-1.61147
-0.472402
-0.327788
-1.81301
-0.357139
-1.14924
-0.762994
-1.4845
-0.657532
-1.4784
-0.228422
-0.71807
-0.777651
-0.623648
-1.28207
-1.09919
-1.53335
-1.86401
-1.36212
-0.863773
-0.732451
-2.01457
-0.240042
-0.494691
-0.683398
-1.1852
-1.2291
-0.846252
-1.27098
-1.91311
-1.83201
-0.926764
-0.845872
-1.54593
-1.19292
-1.23336
-0.867182
-1.42624
-1.45405
-0.0325701
-1.79759
-0.629329
-2.21753
-1.19001
-1.2453
-0.32742
-1.84136
-0.207588
-1.02734
-1.56151
-0.772766
-1.53823
-1.00102
-0.802903
-1.25557
-1.06908
-0.285108
-1.07903
-0.459901
-1.85471
-0.505981
-1.48202
-2.14129
-0.911252
-0.680707
-0.579664
-2.39812
-0.705127
-1.383
-0.583419
-1.33317
-0.543484
-1.51699
-0.701609
-1.0092
-0.766397
-0.0359949
-1.54719
-2.26282
-1.48919
-0.809041
-0.559875
-0.526021
-1.24408
0.0198063
-1.15198
-0.997314
-0.948741
-0.703106
-0.665864
-0.500929
-0.562448
-2.54653
-0.642995
-0.941811
-0.931763
-0.89352
0.0366437
-0.837241
-0.256417
-0.597945
-0.819867
-2.36865
-0.617646
-0.217673
-1.48651
-1.60531
0.614795
0.410432
-0.923184
0.0447161
-0.961567
-0.78185
-0.927314
-0.445471
-0.762741
-1.47944
-1.04043
-1.25851
-0.781946
-0.702687
-1.32306
0.062779
-0.983228
-0.690952
-0.488084
-0.96057
-0.689622
-1.70246
-1.15203
-0.644473
-1.69836
-1.29841
0.0361708
-1.97152
-0.667222
-1.71793
-0.244414
-1.55269
-0.420886
-1.82457
-1.49717
-1.4974
-1.44443
-1.41859
-1.84849
-1.67793
-0.493804
-0.0320973
-1.68024
-1.31277
-0.415555
0.203974
-0.977942
-0.901295
-0.843365
-2.27177
-0.90292
-0.84571
-0.807272
-1.34909
-1.30847
-1.56447
-1.30158
-1.15636
-1.64829
-1.3966
-0.811922
-1.90656
-1.88615
-1.25762
-2.16824
-0.894221
-0.0216501
-1.46661
-0.910286
-1.46265
-1.7961
-1.27302
-1.12196
-0.710957
-2.02698
-1.40429
-2.23988
-1.13653
-0.323689
-0.813791
-0.755256
-1.24652
-0.295739
-1.74462
-0.690644
-1.56318
-1.20197
-1.0864
-1.16054
-1.1412
-1.04699
-0.946211
-0.178278
-0.285875
-1.21913
-0.992172
-0.851403
-1.42177
-2.32243
-1.29633
-0.548553
-1.2305
-0.457128
-0.856058
-1.69773
-1.00913
-0.75189
-0.545115
-1.0417
-1.41933
-1.59199
-0.598917
-0.945296
-1.25965
-0.485227
-1.53638
-1.05949
-0.172852
-0.265049
-0.148076
-0.720587
-1.28427
-1.6594
-1.10111
-1.24828
-1.24219
-1.46814
-1.75165
-0.333938
-0.687551
-1.77383
-0.508526
-1.1261
-1.06342
-1.33597
-0.548824
-0.390555
-1.52028
-1.46314
-0.454162
-1.49441
0.31069
-1.43485
-1.08891
-1.46952
-0.766318
-0.802179
-0.385528
-0.587429
-1.11555
-1.67789
-0.578939
-1.10514
-1.84218
-1.17822
-1.70004
-0.749628
-1.48956
-1.23389
-0.300539
-1.33952
-1.4755
-2.33847
-1.0683
-1.32638
-1.76788
-1.59448
-1.92064
-1.87788
-0.773808
-1.71832
-0.419148
-0.698454
-0.900083
-1.75011
-1.58858
0.193333
-0.794741
-1.05777
-1.48267
-1.67531
-1.15807
-0.672315
-0.600124
-0.383548
-0.0898649
-1.70877
-1.58487
-1.18626
-1.25935
-1.73311
0.153172
-0.543607
-0.48282
-1.56502
-1.94403
-0.935529
0.287017
-0.464929
-1.12365
-0.766913
-0.566624
0.373224
-0.811382
-0.795414
-0.470479
-1.08366
-0.913529
-0.468473
-1.37338
0.171459
-1.00138
-0.206259
-0.368562
-2.00811
-1.26234
-0.882161
-0.901316
-0.539708
0.317031
-0.914336
-1.40385
-0.225992
-0.578719
-1.08668
-1.31501
-0.420688
-1.61943
-1.21021
-1.00091
-1.37829
-0.00198017
-1.21774
-2.41589
-1.05983
-0.358629
-1.52933
-1.02927
-1.85716
-1.09956
0.0245057
-1.4959
-0.901667
-0.940776
-1.22904
-0.380364
-0.648204
-1.20674
-1.23127
-1.49156
-0.294153
-0.441283
-1.29534
-1.67315
-1.32555
0.0849053
-0.906202
-0.59884
-1.09427
-1.33684
-2.78491
-1.23753
-0.799683
-1.59503
-1.23226
-0.665516
-0.691809
-1.72483
-2.05642
-0.949504
0.0450576
-0.765854
-1.31701
-0.713641
-0.691505
-0.615808
-1.99356
-0.853817
-1.53777
-0.684447
-0.641088
-0.784802
-1.39652
-0.288632
-0.874576
-0.940813
-0.788517
-1.03422
-1.09609
-0.733763
0.35169
-0.973262
-1.69726
-1.3561
-1.21276
-1.15938
-1.07009
-0.334133
-0.539877
-2.40091
-2.18063
-1.0026
-2.09131
-0.697739
-1.16127
-0.0490421
-1.5312
-1.00006
-0.844893
-0.311777
-1.25562
-0.521055
-1.8638
-0.552445
-1.09357
-0.897651
-1.46236
-0.806876
-1.16968
-0.676173
-1.24083
-1.3462
-1.30964
-0.916211
-0.658689
-1.08663
-0.220507
-0.199064
-1.3117
-0.606948
-2.03533
-0.950995
-0.803704
-1.15614
-1.35649
-0.69993
-1.56283
-1.05855
-1.41013
0.0456907
-1.23497
-1.73588
-1.96009
-0.646775
-0.754426
-2.4495
-0.915365
-2.28687
-1.416
-1.05364
-1.00103
-1.29668
-1.28953
-0.22021
-1.22638
-0.660204
-0.416303
0.454523
-0.579937
-0.665714
-1.10852
-0.685038
-0.438762
-0.905655
-0.991413
-1.28891
-0.726249
-1.32428
-0.596694
-0.490015
-1.26766
0.0229012
-1.99771
-1.45557
-0.363362
-1.16699
0.271342
-1.80528
-0.789219
-0.87843
-1.05217
-0.880626
-0.425336
-0.110204
-2.07363
-0.781983
-0.826846
-1.6247
-1.7662
-0.425966
-1.40447
-0.471592
0.215946
-1.39656
-0.698545
-0.6452
-0.679541
-1.56557
-0.605174
-0.461164
-1.51806
-0.731347
-1.57727
-0.844577
-0.614019
-0.359424
-0.415333
-1.03567
-0.781371
-0.696324
-0.447537
-1.96292
-1.82256
-1.09557
-0.93404
0.140322
-0.751763
-0.918132
-0.490459
-1.53693
-0.32645
-1.27591
-1.11676
-0.582666
-2.41518
-1.57415
-1.19923
-0.725478
-0.855264
-1.34002
-0.453767
0.06365
-1.08152
-0.955764
-0.504759
-1.31187
-1.85625
-0.906709
-0.589442
-0.901062
-0.344458
-0.451981
-0.64789
-0.910318
-1.45057
-1.88337
-0.496291
-1.25935
-0.750867
-1.02432
-0.209828
-1.1165
-0.553967
-1.52418
-0.443055
-0.769564
-2.40218
-1.24302
-1.17693
-0.863584
-0.466336
-1.3253
-0.209883
-1.28196
-1.20737
-0.777086
-0.756653
-1.60224
-1.58684
-1.38975
-2.14524
-1.95528
-0.996252
-1.9992
-1.51554
-0.359248
-0.761225
-2.12778
-0.663503
-0.919036
-0.753732
-0.325554
-1.94189
-0.905162
-0.260886
-1.53887
-0.855292
-1.7321
-0.044667
-1.26316
-1.68461
-0.839738
-0.533357
-2.0967
-0.450313
-1.51424
-0.524795
-0.377252
-0.0501296
-0.127055
-1.90311
-0.0820231
0.0484738
-1.01172
0.149692
-0.331006
-1.95794
-0.5949
-1.777
-1.17953
-0.835457
-0.927847
-1.31939
-0.952112
0.237283
-0.182477
-0.656652
-0.112398
-1.24995
-0.161754
-1.28567
0.053945
-1.44618
-1.37045
-1.23848
-0.226732
-0.90181
-0.57175
-1.11124
-0.506966
-0.336955
-1.01096
-1.50237
-1.25096
-1.79826
-0.299709
-0.565832
-0.65048
-0.344157
-1.17939
-0.0656665
-0.332347
-0.346315
-1.26698
-0.724594
-1.84132
-0.802721
0.00779532
-1.72347
-1.07944
-1.60001
-0.180315
-1.27995
-0.0816295
-0.560986
-0.903069
-2.02672
-0.566937
-1.50938
-0.284269
-1.01554
-1.38728
-0.978304
-1.17616
-1.50461
-0.517078
-0.999083
-1.78609
-1.71565
-1.32455
-1.08888
-0.229472
0.59676
-1.23447
-1.08263
-1.34227
0.262221
-1.07843
-0.260676
-1.38328
-0.649017
-0.381829
-1.54646
-0.721839
-0.730038
-1.3662
-0.726432
-0.852368
-2.18809
-1.35465
-1.09896
-2.09897
-0.850299
-0.893499
-0.945251
-0.296832
-0.918582
-0.689032
-1.09198
-0.819861
-0.754733
-1.057
-1.56501
-1.74281
-1.55802
-0.791464
-1.34154
-1.35459
-1.6838
-0.799578
-1.14965
-0.183843
-1.28675
-0.422376
-0.550122
0.0301278
-0.120404
-1.40387
-1.06687
-0.771739
-0.229262
-1.21921
-0.489911
-0.720485
-1.84343
-0.807338
-0.302302
-0.347124
-1.81338
-0.394854
-1.07642
-0.747216
-0.718023
-1.7663
-0.642857
-1.30034
-1.74321
-0.723852
-1.61469
-0.60014
-0.818263
0.293456
-0.975291
-0.885302
-1.838
-0.613965
-0.595371
-0.957214
-0.556968
-0.890448
-0.463221
-0.745703
-0.91127
-1.17129
-0.629407
-0.714671
-1.32452
-0.0955255
-0.582312
-1.4607
-1.42506
-0.201294
-1.16578
-1.01071
-1.12638
-0.202231
-1.41036
-0.426199
-0.488258
-0.481033
-0.706584
-0.47482
-0.333819
-0.381234
-0.405367
-0.841337
-0.174659
-0.928378
-0.105815
-0.512976
-1.36533
-0.721754
-0.829932
-0.350633
-1.10273
-1.07501
-1.58979
-1.43224
-1.79528
-0.995808
-0.648326
-2.01311
-1.44388
-0.328159
-1.27793
-0.734531
-0.638788
-0.555742
0.0759825
-0.815104
-0.785614
-1.25588
-0.717012
-0.702101
-1.24208
0.380963
-0.848704
-0.452325
-1.45642
0.411706
-0.241899
-1.70168
-0.719416
-0.187652
-2.13155
-0.869588
-0.764692
-1.57587
-0.784608
-0.754405
-0.992444
-1.09282
-0.18799
-1.23817
-1.58675
-0.0048436
-0.498072
-1.07215
-1.48423
-0.628302
-0.780831
-0.596686
-1.06046
-0.85936
-0.941415
-0.877761
-0.106559
-2.34344
-0.192211
-1.10922
-1.21047
-1.55416
-0.018155
-0.469462
-1.44353
-0.469308
-1.48179
-0.940932
-1.36142
-0.961668
-1.31474
-1.13272
0.00948466
-1.89468
-1.58592
-0.420172
-0.756805
-1.29578
-0.862186
-1.36706
-0.00829421
-1.57862
-0.674144
-0.429851
-1.29375
0.177566
-0.549813
-0.835809
-1.07802
-0.163517
-0.673071
0.0152574
-1.45963
-0.926654
-1.62905
-0.50638
-0.908616
-1.07246
-0.928337
-0.224607
-0.894783
-0.575886
-1.24034
-1.51341
-0.698743
-0.588998
-0.27972
-0.322191
-0.648592
-0.773338
-1.15576
-0.190609
-0.276912
0.0171677
-1.45838
-1.24374
-2.20898
-1.6221
-0.958842
-0.992467
-0.857098
-0.576963
-1.25338
-1.41737
-0.267652
-0.190226
-0.20616
-1.13027
-0.394598
-0.944926
-1.07316
-1.76957
-0.541755
-1.01643
-1.509
-1.09822
-1.09421
-1.16319
-0.808444
-0.745014
-0.305409
-0.73625
-0.825033
-0.974065
-0.798049
-0.954781
-0.938764
-0.650021
-0.249562
0.0102965
-0.608094
-1.07944
-1.72996
0.129702
-1.29417
-1.21299
-0.897606
-1.10344
-0.734075
0.0560148
-0.358431
-0.958984
-1.84004
-0.437161
-1.09604
-0.154463
-0.570546
-1.1021
-1.19539
-0.580432
-1.1297
0.468643
0.552008
-0.646979
-1.32468
-1.57938
-0.986068
-1.2903
-0.792929
-0.927725
-0.662579
-0.810867
0.215326
-1.18617
-1.01234
-0.889828
-0.569973
-0.694333
-2.33724
-1.17401
-1.36202
-1.16608
-1.29782
-1.37051
-0.218168
-0.713739
-0.431034
-1.18695
-1.23239
-0.303004
-0.162678
-0.89129
-1.02478
-1.47783
-0.876037
-1.28188
-0.89876
-0.875418
-1.44574
-0.105637
-0.650475
-1.04155
-0.364728
-0.244243
-0.938201
-0.752959
0.534196
-0.864045
-0.472059
-0.719307
-1.43754
-1.55575
-0.626276
-0.242936
-0.907885
-2.14349
-1.30779
-0.520762
-1.34663
-1.43101
-0.590569
-0.577216
-0.576914
-1.5644
-1.80305
-1.32117
-0.790939
-0.474808
-0.767856
-1.04127
-1.22807
-0.429191
-0.654382
-1.02405
-1.09113
-1.79476
-1.24582
-0.487107
-0.239857
-0.152531
-1.1717
0.136072
-1.83523
-1.16491
-0.989575
-1.43397
-0.188049
-1.76294
-1.37615
-1.30096
-0.824354
-0.395015
-1.14923
-1.39738
-0.826926
-0.49422
-1.60186
-1.05705
-0.538172
0.181235
-1.42746
-1.41255
-0.904868
-1.21921
-2.03136
-1.24463
-0.208069
-1.48426
-1.4688
-0.579091
-1.04313
-0.715887
-0.268391
-0.291903
-0.613719
-1.98542
-0.876598
-0.449736
-0.945657
-0.40663
-1.6084
-0.666717
0.295124
-1.36332
-1.38759
0.074466
-0.460666
0.133296
-0.0120743
-1.45308
-0.928754
-0.781917
-0.743002
-0.630419
-0.557221
-0.811444
-1.40102
-1.36863
-0.882182
-0.638979
-0.135572
0.0690042
-1.23014
-0.647378
-1.10208
-0.723238
-1.50279
-0.368744
-0.415233
-0.82459
-1.03238
-0.387333
-0.632098
-0.683093
-1.06149
-0.758185
-0.958642
-0.224068
-0.570368
-0.380197
-0.662916
-1.41309
-0.471518
0.393874
-0.376619
-0.642942
-1.38099
-0.311182
-0.480428
-0.252291
-1.24854
-0.894222
-0.447145
-0.24303
-0.233924
-1.5243
-1.06483
-0.590454
-0.138478
-0.317267
-1.00629
-0.265099
-0.516768
-1.08406
-0.924048
-1.86522
-1.96721
-0.679015
-2.28124
-1.45734
-0.33288
-0.883109
-0.794975
-1.64657
-1.69269
-1.37971
-1.02282
-1.54089
0.277151
-0.792637
-0.733273
-0.57181
-1.64937
-0.696737
-0.870123
-1.17474
-0.0832875
-0.925556
-1.5576
-1.19537
-1.09984
0.289453
-1.83564
0.40855
-0.763576
-0.295387
0.520945
-1.18639
-0.472972
-1.21963
-0.869072
-0.707981
0.314097
-0.735565
-1.01883
-0.896355
-0.264398
-0.878002
-0.234437
-1.02759
-1.1566
-1.13626
-0.53586
-1.03354
-1.83629
-0.830088
-1.69179
-0.0684632
0.246768
-2.02687
-0.186039
-0.464539
-0.680744
-1.67838
-1.39744
-0.700653
-0.939001
-1.50958
-1.23382
-1.45118
-0.753687
-1.48495
-0.526825
-1.20004
-0.789689
0.601698
-0.533018
-0.850443
-0.774207
-1.18546
-1.31783
-0.953424
-0.0679718
-0.713072
-1.77065
-1.83942
-1.05032
-1.28885
-1.2297
-1.55824
-1.30165
-1.54837
-1.89792
-0.940905
-1.11153
-1.24177
-0.295901
-0.984905
-0.751726
-1.19793
-0.954692
-1.23499
-1.33215
-1.40931
-1.03418
-0.886817
-1.31435
-0.670135
-0.42517
-1.37838
-0.386278
-0.958107
-1.81585
-1.3785
-1.3233
-0.339617
-0.514635
-1.55977
-1.17733
-0.122753
-0.395586
-1.20644
-0.13033
-0.99611
-1.0026
-1.86505
-1.19813
0.0475431
-0.76296
-0.675041
-0.677659
-1.14133
-0.535832
-1.15322
-0.69058
-0.483706
-0.555812
-1.09274
-1.27448
-1.00717
-0.491576
-0.79351
-1.54801
-0.387105
-2.11388
-1.97305
-0.714135
-0.970552
0.330498
-1.08414
-1.09935
-0.93074
-1.43597
-0.0335491
-0.517206
-0.977644
-1.45471
-0.653263
-1.58491
-1.49972
-0.991658
-0.981284
-1.36551
-1.17398
-0.560797
-1.49382
-0.511738
-0.641636
-0.315832
-1.37989
-1.92557
-0.291344
-1.2732
-1.01401
-2.17991
-1.4855
-0.980339
-0.536846
-1.21086
-1.80319
-1.05611
-0.869488
-0.710299
-1.10839
-1.54024
0.0286162
-0.447948
-0.234687
-2.15555
-1.02559
-1.17799
-1.76429
-1.03582
-0.82872
-0.599336
-0.97572
-1.02105
-1.15973
-0.43735
-0.958405
-0.705729
-1.59011
-0.617238
-1.24869
-0.693478
-1.24627
-1.45392
-0.409668
-0.427008
-0.529632
-1.8731
-1.13598
-1.8242
-1.32145
-0.433989
-1.49308
-1.15435
-1.21431
0.0208732
-1.29912
-0.598099
-2.39827
-1.25072
-1.32232
-0.0558435
-1.3458
-0.980675
-0.0820643
-0.872359
-1.04088
-1.3518
-1.10003
-2.3393
-1.4577
-0.859155
-1.27123
-0.71522
-0.193062
-0.936811
-0.404675
-1.05524
-1.44756
-1.2644
-0.927648
-0.893757
-1.28956
-1.95522
-1.16713
-1.00255
-1.43606
-2.0888
-0.606082
-1.64736
-0.656297
-0.448378
-0.956319
-1.41133
-0.155999
-0.804734
-0.717649
-0.467636
-0.871435
-0.204992
-1.08958
-1.32874
-0.991247
-1.45902
-0.651553
-0.682164
-1.22134
-1.1216
-0.664225
-0.666715
-0.00400927
-1.8479
-1.21073
-1.1365
0.0116721
-0.697599
-0.747014
0.0559472
-1.1133
-1.91985
-0.375644
-1.29108
-1.59927
-1.89876
-1.64767
-1.12916
-0.984926
-1.42352
-1.22463
-1.11046
-0.74671
-0.754955
-0.873357
0.579625
-1.16386
0.0259425
-0.396666
-1.10516
-1.42623
-0.837502
0.0162127
0.230865
0.250578
-0.847354
-0.312663
-1.32465
-1.23729
-1.31544
-0.958653
0.473233
-1.33151
-0.731914
-0.278361
-1.65331
-1.3049
-0.702052
-1.00522
-0.726089
-1.02308
-0.0537784
-1.80982
-0.574112
-0.992867
-0.735589
-0.174392
-0.65457
-0.814828
-0.741184
-1.25527
-0.749643
-0.669561
-1.51758
-0.684438
-0.630534
-2.05715
-1.12799
-1.08077
-1.3892
-0.491559
-0.933512
-0.200366
-0.294438
-0.674428
-1.31798
-0.525036
-0.103362
-0.938101
-1.06368
-1.21569
-0.920433
-0.686435
-0.804818
-0.77119
-1.06847
-0.37206
-0.938898
-0.252695
-1.27629
-0.92712
-2.76298
-1.65813
-1.17782
-1.38748
-0.925777
-0.879806
-1.52414
-1.39859
-0.326156
-1.16917
-0.563831
-0.62516
-0.725467
-0.999991
-1.23027
-0.2661
-1.89831
-1.14278
-1.00306
-1.62372
-0.59987
-1.02282
-1.19384
-0.76696
-1.8104
-0.990201
-1.34336
-1.05628
-0.477483
-1.22241
-0.439552
-1.46785
-0.787727
-1.63241
-1.36214
-1.16809
-1.8866
-0.466906
-2.11936
-0.863639
-0.760683
-0.411694
0.185124
-1.04223
-0.957259
-1.13879
-0.371733
-1.58072
-0.216189
-0.654204
-0.509136
-0.803752
-0.940564
-1.10069
-0.651158
-1.16059
-0.359933
-1.93138
-0.207555
-1.92128
-1.88626
-1.37888
-1.40291
-1.23034
-1.61544
-0.72759
-0.393695
-1.39266
-0.709645
-1.15959
-0.891871
0.0174146
-0.304283
-1.32778
-0.70878
0.0200989
-2.0033
-0.310733
-0.721817
-1.02208
-0.658046
-0.564127
-1.02001
-1.35285
-2.45187
-0.37522
-0.964182
-1.16018
-1.05173
-1.08485
-0.988865
-1.80659
-1.12213
-1.04469
-1.57515
-0.851113
-1.42456
-1.34452
-0.613282
-1.80188
-0.578496
-0.713482
-0.952076
-1.07401
-1.16958
-1.61564
-1.76009
-0.536002
-0.492964
0.0301493
-1.00251
-1.77839
-0.424289
-1.36409
-1.57299
-1.95837
-0.893259
-0.880434
-1.05435
-0.649015
-0.995347
-0.992823
-0.978504
-1.44643
-0.988485
-0.950984
-2.69527
-0.46374
-1.58509
-1.24477
-1.71158
-1.04951
-0.468585
-1.27747
-0.322462
-0.597681
-1.19834
-0.858178
-1.04268
-0.673721
-1.18702
-1.16713
-1.01575
-0.796745
-1.64159
-1.59742
-0.256935
-1.41389
-1.33919
-0.0663231
-0.942422
-1.57247
-0.771038
-0.750823
-0.734387
-1.69106
-0.223161
-0.404685
-0.876838
-0.0884503
-1.65581
-0.114618
-1.32449
-1.60573
-0.829603
-1.30574
-0.290165
-1.38456
-1.50846
-0.352751
-0.94308
-1.35675
-0.247778
-1.83305
-1.10455
-2.76107
-1.1825
-1.68846
-1.50299
-1.25188
-1.91966
-1.69101
-0.722013
-2.12386
-0.765357
-1.05882
-0.764156
-0.32738
-1.58733
-1.14465
-1.01108
-0.19866
-1.4538
-1.10797
-0.990313
-0.714193
-0.495963
-0.961099
0.108234
-1.00873
-0.964527
-1.61497
-1.19425
-1.15238
-1.21633
-1.01143
-1.22931
-0.624499
-1.39933
-0.456293
-1.19478
-1.65992
-0.370135
-1.03995
-0.63981
-0.760685
-1.20982
-0.988099
-0.591895
-1.14978
0.0876482
-0.72498
-0.664175
-1.51118
-0.986893
-1.12917
-2.30953
-1.06937
0.337885
-0.89062
-0.914046
-1.09041
-1.82175
-0.854136
-1.4783
-1.29067
-0.662004
-1.64483
-0.737568
-0.506483
-1.14906
-0.725761
-1.53285
-0.72898
-1.26564
-1.7958
-0.317613
-0.325501
-0.730601
-1.33376
-2.09779
-0.469768
-0.612887
-1.16928
-1.81044
-0.836306
-1.38297
-1.66364
-0.990135
-0.722473
-1.33785
-0.364714
-0.579235
-1.8194
-0.676666
-1.11173
-0.504217
-1.00208
-0.803497
-1.1527
-1.21522
-1.17907
-2.10905
-0.616355
-1.59876
-1.30745
-1.07789
-0.787897
-1.13137
-1.807
-1.49579
-0.696756
-1.49682
-1.0082
-1.699
-0.967645
-1.05613
-0.255674
-1.3579
-0.984037
-1.06058
-1.30091
-1.54098
-1.44665
-0.941139
-1.54041
-0.962736
-1.15051
-1.70676
-1.47752
-0.782722
-1.70311
-1.50327
-1.62244
-0.963187
-1.22698
-0.564515
-1.08961
-1.48922
-1.66983
-1.46982
-0.337983
-1.01612
-0.889521
-1.57304
-0.835823
-1.05739
-1.13327
-1.29998
-1.88198
-0.808134
-1.0686
-0.701261
-0.952067
-0.647188
-1.71213
-1.43093
-0.24685
-1.56438
-0.999801
-1.56839
-1.57721
-0.461134
-1.19213
-1.39945
-1.24184
-1.91307
-2.02866
-0.949162
-0.949054
-1.14446
-0.816549
-0.778368
-0.394574
-0.727423
-1.98889
-0.243294
-1.72371
-0.561125
-0.514871
-1.61494
-1.02288
-0.208846
-1.13642
-0.631545
-0.471671
-1.26778
-0.82961
-1.14738
-1.56655
-0.748701
-0.683428
-0.944383
-0.614094
-1.50967
-0.883471
-1.33453
-0.398951
-0.754516
-1.34876
-1.20147
-1.08199
-1.03222
-1.03862
-0.669698
-1.04035
-0.718299
-1.12322
-1.18848
-0.903532
-1.21835
-0.215666
-1.11958
-1.01943
-0.981919
-1.24139
-0.763355
-0.304657
-0.899219
-0.609328
-1.46503
-1.05224
-0.65746
0.398515
-1.64692
-0.720507
-1.00623
-1.27669
-1.06648
-1.29305
-1.26311
-0.405677
-0.54033
-0.885034
-0.398757
-0.898317
-0.258094
-1.47335
-0.122858
-1.16926
-0.715104
-0.476882
-1.0751
-1.34434
-0.925894
-0.688407
-0.407467
-1.31337
-0.226466
-1.35146
-2.02264
-0.570395
-1.34315
-1.35594
-1.2463
-1.46862
-1.32582
-1.0749
-0.882069
-0.428609
-1.1319
-1.08384
-1.13978
-1.4243
-1.18492
-0.967928
-1.83437
-1.39961
-1.70365
-1.14119
-0.649319
-0.835802
-0.835014
0.286091
-0.671088
-1.23045
-0.275161
-0.184866
-1.38693
-0.933722
-1.22614
-0.976897
-1.08906
-1.02777
-1.08762
-1.45556
-2.11532
-1.51346
-0.884221
-1.60077
-1.25246
0.598684
-0.586892
-1.22634
-2.28196
-0.731215
-1.14804
-0.717869
-0.524926
-1.62661
0.237221
-0.966262
-1.66526
-0.773817
-0.459372
-0.981027
-0.207117
-1.24923
-1.94089
-1.96259
-1.01286
-1.0949
-0.792636
-0.891278
-0.754613
-0.972891
-1.08397
-0.889944
-0.855226
-1.49391
-1.03461
-0.772545
-1.30458
-1.49586
-0.574501
-1.20845
-1.28543
-2.02805
-1.51449
-2.103
-0.740808
-1.76224
-1.1535
-1.57827
0.727246
-1.24304
-1.45979
-0.428633
-0.910786
-0.446755
-0.798934
-1.61085
-0.870907
-1.39962
-1.51879
-0.455547
-0.345301
-1.18484
-0.8581
-0.531181
-1.17252
-1.51911
-1.27901
-0.658251
-0.949318
-1.7378
-1.43477
-0.94272
-1.86333
-0.688384
-1.00975
-0.41527
-1.45326
-1.14628
-1.30371
0.0500403
-0.523734
-1.22679
-0.971166
-0.890679
-1.28871
-0.34556
-1.20414
-1.48788
-0.361886
-0.643872
-1.03439
-0.786584
-0.623638
-0.251167
-1.15922
-0.797923
-1.1473
-1.12907
-0.412158
-1.02054
-0.809178
-0.848681
-1.53756
-0.859125
-0.9177
-1.17928
-1.22415
-0.402303
-0.922296
-2.23566
-1.14479
-0.719393
-1.22928
-0.982096
-1.04908
-0.69344
-2.24016
-0.732804
-1.88498
-1.02168
-1.6417
-1.05876
-0.0975469
-1.22287
-1.47295
-1.16247
-1.62819
-0.778303
-0.263619
-0.986375
-0.0547282
-1.41222
0.50547
-0.947064
-1.4262
-0.987749
-1.14362
-0.877004
-1.55789
-0.943093
-1.03741
-1.65336
-1.83083
-0.510479
-1.10429
-1.30953
-0.938768
-0.213597
-1.35251
0.0822952
-1.03942
-0.882469
-0.849136
-1.28376
-1.33139
-1.56691
-0.196047
-1.55482
-0.483885
-0.519145
-0.22584
-0.778894
-0.379293
-1.40377
-1.71926
-2.06796
-1.14346
-1.40121
-1.09063
-1.53267
-0.452775
-1.88431
-1.61783
-1.13348
-0.811233
-0.373087
-0.590393
-1.10028
-2.30526
-1.35429
-1.97937
-0.448318
-1.41409
-0.314852
-1.75982
-1.17858
-0.328842
-0.669076
-1.0788
-0.739519
-1.57213
-1.10767
-1.30576
-1.59332
-1.47658
-0.809193
-1.21686
-1.47893
-0.163085
-1.18335
-1.21607
-1.02081
-0.767534
-1.51071
-0.196529
-0.835262
-1.56789
-0.173935
-1.77601
-1.41756
-0.942861
-1.39513
-1.69093
-1.96443
-0.706495
-0.642177
-1.45945
-1.11259
-1.73519
-1.31933
-1.32797
-1.55322
-0.947633
-0.773876
-0.403983
-1.7177
-1.18062
-1.40988
-1.36053
-1.07915
-1.20932
-1.23291
-0.762018
-1.05925
-0.858431
-1.47641
-0.643648
-2.05591
-1.35181
-1.03816
-1.83397
-1.00483
-1.5246
-1.17331
-1.32194
-1.69722
-1.31762
-1.683
-1.30721
-0.775271
-0.928869
-0.36087
-1.32089
-0.796866
-1.07612
-0.208116
-0.595519
-1.48709
-0.605001
-1.50697
-0.897937
-0.661684
-1.27078
-0.145828
-1.34967
-1.36793
-0.832995
-1.3783
-1.95884
-1.29106
-1.03697
-0.9479
-1.37086
-0.542889
-0.921807
-0.641257
-1.87618
-1.92371
-0.555196
-0.909106
-0.459181
-0.930396
-2.00821
-0.914992
-1.02067
-1.01441
-2.53152
-1.98215
-1.68659
-1.36986
-0.318269
-0.944098
-0.520913
-1.42516
-1.56915
-1.68131
-1.08234
-0.0346764
-1.58531
-0.956161
-1.97105
-1.03893
-1.27201
-1.40252
-0.882166
-0.962067
-0.386216
-1.6552
-0.842375
-1.15162
-1.31116
-0.832736
-0.970266
-1.21975
-1.09922
-1.31813
-1.43572
-0.441541
-1.14444
-1.73883
-0.177235
-0.413655
-1.97799
-1.44855
-1.37704
-2.05636
-0.607662
-0.0983641
-1.06736
-0.966512
-1.86859
-1.12901
-1.10203
-1.09161
-1.13976
-1.36612
-0.575754
-1.75793
-1.30439
-1.40483
-1.19621
0.0787306
-1.43511
-1.37025
-0.535405
-0.725608
-1.02888
-0.68343
-1.50295
-0.659123
-0.294141
-0.694789
-1.31262
-1.10618
-0.962783
-0.928091
-0.773695
-1.54813
-1.67769
-0.88308
-0.929894
-0.711481
-0.280243
-0.323276
-1.21746
-1.51983
0.323644
-0.703315
-0.659561
-0.904126
-0.527392
-0.688257
-0.877959
-1.12776
-1.41151
-1.70541
-0.857222
-1.286
-0.607634
-1.00037
-1.74866
-1.22575
-1.64649
-1.4949
-0.576907
-1.27213
-0.952708
-0.00516644
-1.80911
-1.36634
-1.10831
-1.78097
-1.46685
-0.623909
-0.670218
-0.56638
-0.873549
-0.854329
-1.63351
-0.734844
-1.40107
-0.398963
-1.24086
-0.915898
-1.17716
-0.600313
-1.10655
-0.165362
-1.48541
-1.57886
-0.703018
-0.311943
-1.57931
-1.11501
-2.09239
-0.453718
-1.62828
-0.977866
-1.05903
-1.67524
-1.02158
-1.18249
-0.991262
-1.20576
-0.492615
-0.0903607
-1.83104
-1.48644
-0.956882
-0.374593
-0.880803
-1.40294
-0.749824
-0.282414
-1.54911
-2.11869
-0.631491
-1.63986
-0.388017
0.0951758
-0.990101
-1.70449
-1.28333
-1.80747
-0.955304
-0.126204
-0.483841
-0.236119
-0.305512
-1.8154
-1.02554
-0.665018
-1.01253
-0.501442
0.0197365
-0.615996
-1.52158
-0.480034
-1.23281
-2.20688
-1.00173
-1.32151
-0.870384
-1.3369
-1.54029
-0.795154
-2.12131
-2.47002
-0.963872
-1.19196
-0.626864
-1.4493
-1.07805
-1.46028
-1.32318
-0.875357
-0.763149
-0.821256
-2.03862
-1.89367
-1.19951
-1.78391
-1.53321
-1.10949
-2.12296
-0.194056
-1.57618
-1.9149
-1.34841
-0.843249
-0.929689
-1.77609
-0.763471
-1.30676
-1.31672
-1.22823
-0.95072
-0.82818
-1.26973
-1.52854
-1.12886
-1.45205
-2.40135
-0.384329
-1.13792
-1.22495
-1.62679
-1.3654
-2.1436
-1.36288
-0.480207
-1.2658
-1.86129
-1.34158
-1.47219
-1.295
-0.726796
-1.36409
-2.2191
-1.8625
-1.00819
-1.13121
-1.69919
-1.07209
-1.38123
-0.966747
-0.617429
-1.11839
-0.981615
-2.05458
-0.664583
-1.61932
-1.71034
-1.87988
-1.73454
-1.59391
-1.73151
-1.52923
-1.25133
-1.73859
-2.36173
-0.981008
-0.686165
-1.03584
-0.802204
-1.89955
-1.19127
-0.563673
-0.694635
-1.12754
-1.80794
-2.06853
-1.17608
-1.09036
-1.85708
-1.9056
-1.53839
-1.11525
-1.33812
-1.62035
-1.52698
-2.03037
-1.25865
-1.85357
-1.48907
-0.868568
-0.788845
-1.50462
-1.38778
-2.20307
-1.10951
-1.02128
-0.149162
-0.707213
-1.1384
-0.676332
-2.25864
-1.43478
-0.81253
-1.60689
-0.883753
-1.24125
-0.82055
-1.64329
-1.04171
-0.932208
-1.2971
-2.03592
-2.34375
-1.18673
-0.820953
-1.67133
-1.32332
-2.39661
-1.30773
-1.36426
-1.25698
-1.81485
-1.33594
-1.06457
-1.47198
-1.50818
-0.936173
-1.65475
-2.52035
-2.31207
-1.72529
-1.0528
-1.614
-1.28917
-0.415651
-0.734787
-1.08595
-0.296785
-1.24973
-1.95464
-0.821163
-1.31421
-1.77788
-1.44898
-1.6498
-1.38897
-1.16194
-1.21824
-1.24737
-0.892425
-1.00852
-1.51865
-1.23822
-1.30481
-2.45884
-2.35236
-0.946304
-1.14537
-1.9721
-1.75325
-1.0042
-1.85839
-2.4677
-1.6712
-1.03867
-0.94145
-1.58342
-1.78098
-1.02664
-0.872167
-0.374655
-1.60419
-1.9151
-2.47453
-0.828025
-1.40301
-2.6657
-1.43057
-1.2849
-1.32115
-2.22231
-2.5558
-1.44957
-1.37378
-1.19408
-1.2544
-1.79173
-0.573395
-0.868905
-2.00931
-1.63455
-1.09119
-1.26918
-1.13067
-1.19845
-0.955895
-1.16382
-0.926087
-1.08904
-1.52196
-1.06529
-1.7932
-1.96317
-1.24191
-0.904571
-0.651598
-1.43488
-1.3511
-1.46583
-0.917885
-1.76292
-0.65774
-0.720024
-0.602095
-1.9446
-0.4753
-1.5834
-1.45153
-1.77769
-1.77808
-0.0758881
-0.709306
-1.35634
-1.75743
-0.803521
-1.09764
-1.63675
-1.36569
-1.77228
-0.841373
-1.15404
-2.40563
-1.02405
-1.05405
-0.978327
-1.68251
-0.802389
-1.95302
-1.42884
-2.67683
-0.945443
-2.01136
-2.69882
-0.158488
-1.46682
-0.520707
-0.89655
-1.41164
-1.40583
-1.73958
-2.41528
-1.31803
-0.833093
-1.21738
-0.990782
-1.68827
-1.08961
-2.8353
-1.81127
-1.40366
-1.4049
-0.96244
-0.994397
-0.704315
-0.724257
-1.17277
-1.4056
-1.43465
-0.980305
0.142214
-0.606038
-0.783399
-2.24641
-1.18533
-1.1037
-0.952384
-1.45744
-1.73905
-0.66667
-2.59609
-1.43635
-1.37409
-1.1485
-0.938448
-1.29037
-1.30621
-1.15038
-1.10474
-0.633343
-0.54865
-0.748365
-1.34513
-1.98622
-1.83438
-0.514829
-1.52678
-1.00209
-0.404194
-0.926474
-0.244781
-2.20721
-0.978954
-1.4528
-1.20831
-1.33294
-0.850366
-1.92464
-1.01645
-2.05177
-2.02597
-0.582179
-1.43129
-1.33893
-0.944406
-1.86191
-1.46029
-1.0227
-1.51925
-2.41357
-1.61201
-2.29114
-0.205273
-1.49753
-0.757581
-2.52174
-1.51232
-1.37975
-0.692192
-1.16389
-2.60465
-1.11323
-0.851125
-1.18421
-1.10287
-1.0537
-0.578318
-1.70558
-0.831228
-1.22007
-1.10257
-1.79079
-1.19295
-2.23052
-0.805401
-1.93736
-0.883027
-0.674142
-1.44674
-1.89327
-0.685878
-1.15712
-1.89517
-2.35357
-1.04002
-0.746079
-1.94091
-1.91431
-1.03759
-1.90342
-1.52308
-0.897838
-1.56822
-1.19019
-1.47329
-0.214781
-0.188096
-1.66482
-0.211534
-0.953897
-1.79766
-1.64265
-1.15447
-1.82878
-1.14325
-1.93763
-1.85081
-2.13979
-2.11817
-1.19753
-1.34216
-1.39269
-0.626243
-1.35905
-1.92137
-0.880466
-0.362323
-0.915882
-0.375902
-1.95095
-0.9462
-1.09475
-0.906742
-1.35748
-1.1565
-1.02492
-1.70293
-1.47501
-0.318791
-1.93982
-1.2298
-1.60118
-1.82137
-1.39217
-1.60651
-1.2112
-1.30182
-1.56624
-1.39356
-0.90694
-1.80822
-1.12198
-1.41847
-1.31269
-1.44959
-1.32541
-1.06277
-2.74389
-1.03221
-1.1203
-0.835438
-1.6639
-1.30341
-1.25693
-2.62596
-1.24069
-2.56971
-1.10566
-1.47734
-1.83173
-2.00431
-1.65349
-0.837328
-2.00522
-1.81691
-1.09829
-1.89299
-1.21597
-0.930019
-0.880417
-0.865901
-1.2801
-1.67122
-2.73811
-1.6527
0.403928
-1.3739
-1.74849
-0.465086
-1.28798
-1.65424
-0.82951
-0.910181
-0.487834
-0.939894
-1.59281
-2.09019
-0.85923
-0.757599
-0.752338
-0.920619
-1.18356
-1.14231
-1.37838
-1.59361
-1.62829
-2.34261
-1.18439
-1.1772
-0.524223
-0.439008
-1.62907
-1.67488
-0.893015
-1.09185
-1.27911
-1.74875
-1.89581
-0.647403
-2.16681
-0.611624
-2.5018
-1.93956
-1.20814
-1.49508
-1.50696
-1.13049
-0.894609
-1.12823
-1.11446
-1.43988
-0.856902
-0.322624
-2.67502
-2.05715
-2.02259
-1.22347
-2.10282
-1.84726
-1.89551
-1.46149
-1.0909
-1.14019
-0.918592
-0.840956
-0.95487
-0.597726
-1.61176
-1.13162
-0.59317
-1.74376
-0.274212
-0.605852
-0.816097
-1.16812
-1.00522
-1.92967
-1.27465
-1.69533
-1.11254
-0.651716
-1.07822
-1.39782
-1.82621
-1.15206
-0.488474
-1.91004
-2.52529
-0.870587
-0.561374
-0.212828
-1.47288
-1.05183
-0.878973
-1.71469
-0.897572
-1.30417
-1.49749
-1.75429
-1.11372
-1.1071
-1.5742
-2.34258
-1.24287
-1.05527
-1.01788
-1.00633
-1.00103
-1.23783
-0.800309
-0.778332
-1.65005
-1.19005
-0.862153
-1.16061
-0.453542
-0.964546
-0.961028
-1.01507
-1.35324
-1.2936
-0.415548
-1.07066
-1.15059
-1.92044
-1.22961
-1.51105
-0.767463
-1.78208
-2.07655
-1.0047
-1.78747
-1.7083
-1.36947
-0.200951
-1.29878
-1.11534
-0.592315
-1.212
-1.78767
-1.04634
-2.25185
-1.86991
-1.76615
-0.614084
-1.60251
-1.72212
-1.39485
-1.23743
-1.48925
-1.09475
-2.16484
-1.21641
-1.4143
-1.41302
-1.63547
-1.45638
-0.384872
-1.5231
-1.05674
-1.41332
-1.02137
-1.94391
-1.10555
-0.298847
-1.13797
-1.07702
-2.09046
-2.08128
-1.51722
-1.91881
-1.35613
-1.75908
-1.38129
-1.2618
-1.57606
-1.69806
-0.949273
-1.32403
-0.556115
-0.672761
-2.20338
-1.95501
-1.97143
-1.48508
-0.788807
-1.18911
-0.928088
-1.92536
-1.68474
-1.94396
-1.9655
-1.71286
-1.03613
-1.74269
-1.51794
-0.41966
-0.450083
-1.55169
-1.3401
-0.684151
-0.523024
-1.8866
-0.981437
-1.35365
-2.48355
-0.419523
0.201899
-1.15665
-1.03781
-1.82497
-1.26713
-1.21427
-1.83823
-1.1868
-1.17456
-1.00752
-1.71181
-1.9803
-1.17399
-0.946865
-1.32206
-1.66053
-1.11777
-0.915899
-2.08783
-1.99302
-0.573345
-1.52255
-1.04135
-1.46482
-1.37331
-2.15381
-1.8307
-1.77802
-1.9211
-1.16406
-1.7191
-2.87984
-1.69747
-0.784244
-1.63466
-1.25264
-1.41621
-1.19419
-2.02424
-1.88223
-1.25722
-1.45454
-1.38893
-1.29399
-1.13953
-0.816053
-1.2636
-2.86083
-0.967874
-1.80959
-0.862573
-2.43559
-1.9655
-1.14887
-1.75313
-1.59219
-2.85664
-1.71951
-1.51683
-1.16179
-1.4243
-1.9147
-1.73094
-2.06811
-1.20772
-0.943414
-1.76958
-1.5308
-1.32669
-1.33159
-1.32217
-1.54303
-0.815008
-2.17426
-0.594603
-0.934869
-1.16657
-1.08035
-2.68243
-1.67188
-1.46612
-1.71666
-0.14238
-1.44298
-1.07654
-1.16054
-1.31325
-0.992741
-1.87064
-1.77879
-0.568074
-1.58511
-2.2354
-0.972509
-1.904
-1.87295
-1.82473
-0.895785
-1.07117
-0.918136
-1.00626
-1.59322
-0.883522
-0.580605
-0.526193
-1.32651
-0.170371
-2.18504
-1.27976
-1.92638
-2.019
-0.311499
-1.50626
-1.34006
-0.328344
-0.951645
-1.27898
-0.780193
-1.11039
-1.0833
-1.60136
-0.585982
-1.30174
-1.4559
-1.15115
-1.53931
-1.90811
-1.04424
-1.68019
-1.03312
-1.76532
-1.36028
-1.3839
-1.92501
-1.72886
-0.585009
-1.13293
-0.624339
-1.54962
-1.65635
-1.17491
-1.7565
-1.39249
-1.19346
-1.47111
-1.18527
-1.51767
-0.533688
-1.36711
-0.727318
-0.653124
-1.03875
-1.47005
-1.89369
-2.45363
-1.36434
-0.947678
-1.71187
-1.14618
-1.33155
-1.09138
-1.14578
-1.57765
-0.232937
-2.1883
-1.33493
-2.59907
-1.18711
-1.62016
-1.54872
-2.08057
-1.01539
-1.36519
-1.96751
-2.30477
-1.2529
-1.48057
-2.06805
-1.22487
-1.0373
-1.1217
-1.25806
-0.683855
-0.701099
-0.992684
-1.07695
-0.772602
-1.97018
-1.29577
-1.68048
-0.892745
-1.03259
-1.63318
-0.916631
-1.03603
-0.528806
-1.01412
-1.629
-0.0754775
-0.617553
-1.93214
-2.39581
-0.880798
-0.848311
-1.27444
-1.83248
-0.405191
-1.05235
-1.29832
-1.99163
-1.46022
-2.28812
-1.4827
-0.403145
-1.7502
-1.76178
-0.872128
-2.02304
-1.07267
-1.90374
-1.63296
-2.314
-1.75574
-0.443592
-0.998868
-1.60969
-1.86283
-1.17316
-0.517319
-1.17092
-1.91448
-0.819446
-0.812784
-0.431487
-0.487549
-1.33091
-2.58997
-2.23098
-0.931397
-0.607063
-1.37025
-1.13886
-1.90792
-0.0526443
-1.58005
-1.64368
-1.99342
-0.778737
-0.82915
-1.56557
-2.16531
-0.904451
-2.11322
-1.04441
-1.75942
-1.98532
-1.56995
-0.811199
-1.62329
-1.06553
-1.00591
-1.75279
-1.21798
-1.89128
-1.24213
